output2/4.txt
ncols	982
nrows	746
xllcorner	113.983674513
yllcorner	22.501509237000004
cellsize	0.00012
NODATA_value	-9999.0
[rows 418 to 455 of 746, columns 522 to 608 of 982]
6.0 6.0 6.0 7.0 9.0 10.0 10.0 9.0 6.0 6.0 7.0 9.0 14.0 21.0 27.0 30.0 28.0 25.0 25.0 21.0 7.0 3.0 3.0 4.0 3.0 1.0 -2.0 -2.0 -3.0 -4.0 -5.0 -5.0 -4.0 -3.0 -2.0 -1.0 -1.0 1.0 1.0 1.0 1.0 1.0 2.0 4.0 5.0 5.0 6.0 6.0 6.0 6.0 5.0 4.0 4.0 3.0 3.0 3.0 2.0 2.0 2.0 3.0 4.0 4.0 4.0 4.0 5.0 6.0 6.0 6.0 7.0 10.0 10.0 6.0 6.0 0.0 -4.0 -6.0 -5.0 -1.0 1.0 2.0 2.0 2.0 -3.0 -5.0 -7.0 -8.0 -7.0
8.0 7.0 7.0 8.0 9.0 9.0 10.0 8.0 8.0 5.0 6.0 8.0 13.0 18.0 23.0 27.0 28.0 28.0 25.0 18.0 6.0 2.0 2.0 3.0 2.0 1.0 1.0 -2.0 -3.0 -4.0 -5.0 -5.0 -4.0 -3.0 -2.0 -2.0 -1.0 0.0 1.0 1.0 1.0 1.0 1.0 2.0 2.0 3.0 4.0 5.0 5.0 5.0 5.0 4.0 4.0 4.0 3.0 3.0 3.0 3.0 4.0 4.0 5.0 5.0 5.0 5.0 5.0 5.0 5.0 5.0 6.0 8.0 8.0 8.0 5.0 0.0 -4.0 -6.0 -1.0 2.0 3.0 3.0 3.0 1.0 -4.0 -6.0 -8.0 -9.0 -8.0
10.0 9.0 8.0 8.0 8.0 8.0 8.0 7.0 7.0 4.0 5.0 7.0 11.0 15.0 19.0 23.0 25.0 25.0 23.0 18.0 6.0 2.0 1.0 2.0 2.0 1.0 1.0 -1.0 -2.0 -4.0 -5.0 -5.0 -4.0 -3.0 -2.0 -2.0 -1.0 1.0 1.0 1.0 1.0 0.0 -1.0 0.0 0.0 0.0 1.0 3.0 4.0 4.0 4.0 4.0 4.0 4.0 3.0 3.0 3.0 4.0 4.0 5.0 5.0 5.0 5.0 5.0 5.0 5.0 4.0 4.0 4.0 6.0 6.0 6.0 3.0 1.0 -2.0 -3.0 -1.0 2.0 3.0 2.0 2.0 0.0 -4.0 -7.0 -10.0 -10.0 -8.0
12.0 10.0 8.0 7.0 6.0 6.0 6.0 5.0 5.0 4.0 6.0 8.0 10.0 13.0 16.0 19.0 21.0 21.0 18.0 14.0 4.0 2.0 1.0 2.0 1.0 1.0 1.0 -1.0 -3.0 -4.0 -5.0 -5.0 -4.0 -3.0 -2.0 -2.0 -1.0 0.0 1.0 2.0 1.0 1.0 -2.0 -2.0 -2.0 -2.0 -2.0 0.0 2.0 2.0 3.0 3.0 4.0 4.0 3.0 2.0 3.0 4.0 4.0 4.0 4.0 4.0 4.0 4.0 4.0 4.0 3.0 2.0 2.0 3.0 3.0 3.0 2.0 1.0 0.0 -1.0 2.0 3.0 3.0 2.0 2.0 -1.0 -6.0 -9.0 -11.0 -11.0 -9.0
12.0 10.0 8.0 6.0 5.0 5.0 4.0 4.0 4.0 4.0 6.0 8.0 10.0 11.0 12.0 14.0 14.0 14.0 12.0 8.0 1.0 0.0 0.0 1.0 1.0 1.0 0.0 -1.0 -2.0 -4.0 -5.0 -5.0 -4.0 -3.0 -3.0 -3.0 -1.0 0.0 1.0 2.0 2.0 2.0 -2.0 -3.0 -3.0 -3.0 -3.0 -2.0 0.0 1.0 2.0 3.0 3.0 3.0 2.0 2.0 2.0 3.0 4.0 4.0 4.0 4.0 4.0 4.0 4.0 3.0 2.0 1.0 0.0 0.0 1.0 1.0 1.0 1.0 2.0 2.0 3.0 3.0 3.0 2.0 2.0 -1.0 -6.0 -9.0 -11.0 -10.0 -8.0
11.0 9.0 7.0 5.0 4.0 3.0 3.0 3.0 3.0 4.0 6.0 8.0 9.0 9.0 9.0 9.0 8.0 8.0 5.0 2.0 -2.0 -3.0 -2.0 0.0 1.0 0.0 0.0 -1.0 -2.0 -3.0 -4.0 -4.0 -4.0 -3.0 -3.0 -3.0 -2.0 -1.0 1.0 2.0 3.0 3.0 -1.0 -3.0 -3.0 -4.0 -3.0 -2.0 -1.0 1.0 1.0 2.0 2.0 2.0 2.0 1.0 1.0 2.0 3.0 3.0 3.0 3.0 3.0 3.0 3.0 3.0 2.0 0.0 -2.0 -2.0 -1.0 -1.0 1.0 3.0 4.0 4.0 3.0 3.0 2.0 0.0 0.0 -3.0 -7.0 -9.0 -11.0 -10.0 -7.0
9.0 7.0 5.0 4.0 2.0 1.0 1.0 1.0 1.0 3.0 4.0 6.0 7.0 8.0 8.0 7.0 5.0 5.0 2.0 0.0 -4.0 -4.0 -2.0 -1.0 -1.0 -1.0 -1.0 -1.0 -2.0 -3.0 -4.0 -3.0 -3.0 -3.0 -2.0 -2.0 -2.0 -1.0 1.0 3.0 3.0 3.0 -1.0 -2.0 -2.0 -3.0 -3.0 -2.0 -1.0 0.0 1.0 1.0 2.0 2.0 1.0 1.0 1.0 1.0 2.0 2.0 2.0 2.0 2.0 2.0 2.0 2.0 1.0 -1.0 -2.0 -2.0 0.0 0.0 2.0 5.0 6.0 5.0 4.0 3.0 2.0 2.0 -2.0 -4.0 -7.0 -9.0 -9.0 -9.0 -7.0
7.0 5.0 3.0 2.0 1.0 1.0 1.0 1.0 1.0 2.0 2.0 2.0 4.0 6.0 7.0 8.0 8.0 7.0 2.0 -2.0 -4.0 -4.0 -2.0 -1.0 -1.0 -1.0 -1.0 -1.0 -1.0 -2.0 -2.0 -3.0 -3.0 -1.0 -1.0 -1.0 -1.0 0.0 2.0 3.0 4.0 4.0 0.0 0.0 -1.0 -2.0 -3.0 -2.0 -1.0 0.0 1.0 1.0 1.0 2.0 1.0 1.0 1.0 1.0 1.0 1.0 1.0 1.0 1.0 1.0 1.0 1.0 0.0 -2.0 -2.0 -1.0 -1.0 0.0 3.0 6.0 7.0 6.0 4.0 2.0 0.0 0.0 -3.0 -5.0 -6.0 -8.0 -7.0 -7.0 -6.0
4.0 3.0 2.0 1.0 1.0 1.0 1.0 1.0 1.0 0.0 -1.0 -1.0 1.0 4.0 6.0 8.0 8.0 7.0 3.0 -2.0 -4.0 -3.0 -1.0 1.0 1.0 1.0 1.0 0.0 -1.0 -1.0 -1.0 -1.0 -1.0 -1.0 -1.0 -1.0 0.0 1.0 2.0 3.0 4.0 4.0 1.0 1.0 -1.0 -2.0 -2.0 -1.0 -1.0 0.0 1.0 1.0 1.0 2.0 1.0 1.0 1.0 1.0 1.0 1.0 1.0 1.0 1.0 1.0 1.0 1.0 0.0 -1.0 -1.0 0.0 0.0 2.0 4.0 7.0 8.0 6.0 4.0 2.0 0.0 0.0 -2.0 -3.0 -5.0 -6.0 -6.0 -6.0 -6.0
2.0 2.0 1.0 1.0 1.0 1.0 1.0 1.0 1.0 -1.0 -3.0 -4.0 -1.0 2.0 4.0 6.0 6.0 6.0 3.0 -1.0 -3.0 -3.0 -1.0 1.0 1.0 1.0 1.0 0.0 -1.0 -1.0 -1.0 0.0 1.0 1.0 1.0 1.0 0.0 1.0 5.0 5.0 5.0 5.0 3.0 3.0 2.0 0.0 -1.0 0.0 1.0 1.0 1.0 1.0 1.0 1.0 1.0 1.0 2.0 2.0 2.0 1.0 1.0 1.0 0.0 -1.0 -1.0 -2.0 -1.0 -1.0 1.0 2.0 2.0 3.0 4.0 6.0 6.0 5.0 4.0 2.0 1.0 1.0 1.0 -1.0 -2.0 -3.0 -3.0 -4.0 -4.0
1.0 1.0 1.0 2.0 3.0 4.0 5.0 5.0 4.0 -1.0 -4.0 -5.0 -4.0 0.0 2.0 4.0 4.0 5.0 4.0 0.0 -2.0 -2.0 -1.0 1.0 1.0 1.0 1.0 -1.0 -3.0 -4.0 -3.0 2.0 5.0 7.0 7.0 6.0 5.0 5.0 5.0 5.0 5.0 5.0 4.0 4.0 3.0 2.0 1.0 1.0 1.0 2.0 2.0 1.0 1.0 1.0 1.0 1.0 2.0 3.0 3.0 2.0 1.0 1.0 0.0 -1.0 -2.0 -3.0 -2.0 -1.0 0.0 1.0 1.0 2.0 3.0 4.0 4.0 4.0 3.0 3.0 2.0 2.0 1.0 1.0 -1.0 -2.0 -3.0 -4.0 -4.0
1.0 1.0 2.0 3.0 5.0 6.0 7.0 7.0 5.0 0.0 -2.0 -4.0 -4.0 -2.0 1.0 4.0 4.0 6.0 4.0 2.0 -1.0 -2.0 -1.0 1.0 1.0 1.0 -1.0 -3.0 -5.0 -6.0 -5.0 1.0 5.0 7.0 7.0 7.0 6.0 6.0 6.0 6.0 6.0 5.0 4.0 5.0 4.0 3.0 2.0 2.0 2.0 2.0 2.0 1.0 1.0 1.0 1.0 1.0 2.0 3.0 3.0 3.0 1.0 1.0 0.0 -1.0 -3.0 -4.0 -3.0 -2.0 0.0 1.0 1.0 1.0 2.0 2.0 2.0 2.0 3.0 3.0 3.0 3.0 2.0 1.0 -1.0 -2.0 -3.0 -3.0 -3.0
2.0 2.0 3.0 5.0 6.0 7.0 8.0 8.0 7.0 2.0 -1.0 -3.0 -3.0 -2.0 1.0 4.0 4.0 6.0 5.0 3.0 0.0 -1.0 -1.0 1.0 0.0 0.0 -2.0 -4.0 -6.0 -7.0 -7.0 -2.0 3.0 5.0 5.0 6.0 7.0 7.0 7.0 7.0 6.0 6.0 5.0 5.0 4.0 3.0 4.0 3.0 3.0 3.0 2.0 2.0 2.0 1.0 1.0 2.0 3.0 3.0 4.0 3.0 2.0 2.0 1.0 -1.0 -2.0 -5.0 -5.0 -4.0 -2.0 -2.0 0.0 1.0 1.0 1.0 1.0 0.0 2.0 2.0 2.0 2.0 1.0 1.0 -1.0 -2.0 -2.0 -3.0 -2.0
3.0 3.0 4.0 6.0 7.0 8.0 8.0 9.0 7.0 3.0 0.0 -2.0 -2.0 -1.0 2.0 2.0 4.0 5.0 5.0 4.0 1.0 0.0 -1.0 -1.0 -1.0 -2.0 -3.0 -5.0 -7.0 -8.0 -8.0 -4.0 0.0 0.0 3.0 5.0 6.0 7.0 7.0 7.0 7.0 7.0 7.0 6.0 5.0 4.0 4.0 3.0 5.0 4.0 4.0 4.0 3.0 2.0 2.0 3.0 3.0 4.0 4.0 3.0 3.0 2.0 1.0 0.0 -1.0 -4.0 -4.0 -4.0 -3.0 -3.0 -2.0 0.0 0.0 -1.0 -1.0 -1.0 2.0 4.0 4.0 3.0 3.0 1.0 -1.0 -1.0 -2.0 -2.0 -1.0
4.0 4.0 5.0 6.0 7.0 8.0 8.0 8.0 7.0 3.0 0.0 -1.0 -1.0 0.0 2.0 2.0 4.0 5.0 5.0 4.0 2.0 1.0 0.0 -1.0 -1.0 -2.0 -3.0 -5.0 -7.0 -8.0 -8.0 -5.0 -4.0 -4.0 -1.0 2.0 4.0 6.0 6.0 7.0 8.0 9.0 9.0 8.0 7.0 6.0 5.0 5.0 5.0 4.0 5.0 5.0 5.0 4.0 4.0 4.0 4.0 4.0 4.0 3.0 3.0 3.0 2.0 2.0 0.0 -2.0 -3.0 -4.0 -3.0 -3.0 -2.0 -1.0 1.0 0.0 0.0 1.0 5.0 8.0 8.0 10.0 10.0 6.0 2.0 1.0 -1.0 0.0 1.0
5.0 5.0 6.0 6.0 6.0 7.0 7.0 6.0 6.0 3.0 2.0 0.0 1.0 1.0 1.0 1.0 3.0 4.0 5.0 5.0 5.0 3.0 1.0 -1.0 -1.0 -2.0 -4.0 -5.0 -6.0 -7.0 -7.0 -6.0 -6.0 -6.0 -3.0 0.0 3.0 4.0 6.0 7.0 8.0 9.0 9.0 10.0 9.0 8.0 7.0 6.0 6.0 5.0 5.0 5.0 5.0 6.0 5.0 5.0 4.0 4.0 4.0 3.0 3.0 3.0 3.0 3.0 3.0 0.0 -3.0 -4.0 -3.0 -3.0 -2.0 0.0 2.0 2.0 2.0 4.0 9.0 14.0 14.0 19.0 20.0 13.0 5.0 1.0 1.0 1.0 2.0
7.0 7.0 7.0 6.0 6.0 5.0 5.0 5.0 4.0 3.0 2.0 1.0 1.0 1.0 1.0 1.0 2.0 4.0 5.0 6.0 8.0 6.0 4.0 1.0 1.0 -2.0 -4.0 -5.0 -5.0 -6.0 -6.0 -6.0 -7.0 -7.0 -5.0 -3.0 0.0 3.0 6.0 7.0 8.0 9.0 9.0 10.0 10.0 9.0 8.0 8.0 7.0 7.0 7.0 7.0 6.0 6.0 5.0 5.0 4.0 3.0 2.0 2.0 2.0 3.0 3.0 3.0 3.0 1.0 -2.0 -3.0 -2.0 -2.0 -1.0 2.0 3.0 3.0 3.0 7.0 12.0 18.0 18.0 24.0 26.0 18.0 7.0 2.0 2.0 3.0 3.0
7.0 10.0 9.0 8.0 6.0 5.0 5.0 3.0 3.0 1.0 1.0 1.0 1.0 1.0 1.0 1.0 1.0 2.0 3.0 6.0 11.0 10.0 7.0 4.0 4.0 1.0 -3.0 -4.0 -4.0 -4.0 -5.0 -6.0 -7.0 -7.0 -6.0 -5.0 -3.0 1.0 5.0 6.0 7.0 7.0 7.0 9.0 9.0 10.0 9.0 8.0 8.0 8.0 8.0 8.0 8.0 7.0 6.0 5.0 4.0 3.0 1.0 2.0 2.0 2.0 3.0 3.0 4.0 2.0 -1.0 -1.0 -1.0 -1.0 2.0 3.0 4.0 4.0 4.0 9.0 15.0 21.0 21.0 26.0 27.0 19.0 9.0 4.0 4.0 5.0 6.0
9.0 10.0 9.0 10.0 7.0 5.0 5.0 2.0 1.0 0.0 0.0 -1.0 -1.0 -1.0 -1.0 -1.0 -1.0 0.0 2.0 5.0 15.0 15.0 12.0 8.0 8.0 3.0 -1.0 -2.0 -3.0 -3.0 -4.0 -5.0 -6.0 -6.0 -6.0 -5.0 -3.0 0.0 2.0 2.0 4.0 2.0 2.0 4.0 6.0 8.0 8.0 8.0 8.0 9.0 9.0 9.0 9.0 9.0 7.0 5.0 3.0 2.0 1.0 1.0 0.0 2.0 1.0 2.0 2.0 -1.0 -2.0 -1.0 -1.0 0.0 2.0 3.0 4.0 5.0 5.0 9.0 14.0 14.0 19.0 23.0 23.0 18.0 11.0 8.0 8.0 9.0 9.0
10.0 12.0 11.0 10.0 7.0 9.0 6.0 3.0 0.0 -4.0 -3.0 -3.0 -2.0 -2.0 -2.0 -3.0 -4.0 -4.0 -2.0 3.0 17.0 19.0 18.0 18.0 15.0 11.0 7.0 5.0 4.0 1.0 0.0 -1.0 -1.0 -1.0 1.0 3.0 2.0 1.0 -2.0 -9.0 -14.0 -14.0 -15.0 -7.0 -3.0 1.0 3.0 4.0 6.0 8.0 8.0 9.0 10.0 9.0 6.0 4.0 3.0 1.0 -1.0 -1.0 0.0 2.0 1.0 1.0 0.0 -2.0 -3.0 -2.0 -2.0 -1.0 0.0 2.0 3.0 4.0 5.0 8.0 12.0 12.0 16.0 19.0 19.0 17.0 13.0 11.0 10.0 11.0 11.0
12.0 13.0 13.0 12.0 9.0 9.0 6.0 3.0 -1.0 -5.0 -5.0 -4.0 -3.0 -3.0 -3.0 -5.0 -6.0 -5.0 -2.0 7.0 17.0 19.0 19.0 19.0 18.0 16.0 12.0 10.0 8.0 5.0 3.0 2.0 2.0 4.0 8.0 11.0 10.0 5.0 -3.0 -13.0 -21.0 -21.0 -21.0 -10.0 -7.0 -5.0 -1.0 1.0 4.0 7.0 7.0 8.0 9.0 8.0 6.0 3.0 2.0 -1.0 -1.0 -1.0 -1.0 -1.0 1.0 1.0 0.0 -3.0 -4.0 -4.0 -4.0 -4.0 -3.0 0.0 1.0 2.0 4.0 8.0 10.0 10.0 13.0 17.0 17.0 15.0 13.0 11.0 11.0 12.0 12.0
11.0 12.0 12.0 11.0 9.0 9.0 7.0 3.0 -1.0 -5.0 -6.0 -5.0 -4.0 -4.0 -4.0 -5.0 -6.0 -5.0 -3.0 4.0 17.0 21.0 22.0 22.0 23.0 23.0 20.0 15.0 11.0 8.0 5.0 6.0 6.0 9.0 14.0 19.0 17.0 9.0 -1.0 -13.0 -22.0 -22.0 -22.0 -11.0 -9.0 -8.0 -5.0 -2.0 2.0 5.0 5.0 7.0 8.0 7.0 5.0 3.0 1.0 -2.0 -2.0 -2.0 -2.0 -1.0 -1.0 0.0 -1.0 -3.0 -4.0 -6.0 -6.0 -6.0 -5.0 -3.0 -1.0 1.0 3.0 7.0 9.0 9.0 12.0 15.0 16.0 14.0 12.0 10.0 10.0 10.0 10.0
9.0 10.0 10.0 10.0 9.0 9.0 7.0 4.0 0.0 -6.0 -6.0 -5.0 -4.0 -5.0 -5.0 -5.0 -5.0 -4.0 -3.0 3.0 18.0 22.0 25.0 25.0 28.0 32.0 28.0 20.0 11.0 7.0 6.0 9.0 9.0 13.0 18.0 23.0 21.0 14.0 6.0 -4.0 -12.0 -12.0 -14.0 -9.0 -9.0 -9.0 -7.0 -4.0 0.0 4.0 4.0 6.0 7.0 7.0 4.0 3.0 1.0 -1.0 -1.0 -1.0 -2.0 -2.0 -1.0 -2.0 -2.0 -4.0 -5.0 -6.0 -6.0 -6.0 -6.0 -5.0 -3.0 -1.0 1.0 6.0 8.0 8.0 11.0 13.0 14.0 12.0 10.0 9.0 8.0 8.0 8.0
6.0 7.0 8.0 9.0 9.0 9.0 8.0 6.0 2.0 -5.0 -6.0 -6.0 -5.0 -5.0 -5.0 -4.0 -4.0 -4.0 -2.0 3.0 17.0 23.0 27.0 27.0 32.0 36.0 33.0 21.0 9.0 5.0 7.0 12.0 12.0 16.0 21.0 25.0 24.0 19.0 13.0 8.0 3.0 3.0 -2.0 -5.0 -7.0 -8.0 -7.0 -5.0 -2.0 2.0 2.0 5.0 6.0 6.0 4.0 2.0 1.0 0.0 -1.0 -1.0 -2.0 -2.0 -2.0 -2.0 -3.0 -4.0 -5.0 -6.0 -6.0 -7.0 -6.0 -5.0 -4.0 -2.0 0.0 5.0 8.0 8.0 9.0 10.0 10.0 9.0 8.0 6.0 5.0 5.0 5.0
4.0 4.0 5.0 7.0 9.0 9.0 9.0 8.0 5.0 -3.0 -5.0 -6.0 -5.0 -4.0 -4.0 -4.0 -4.0 -4.0 0.0 4.0 16.0 22.0 27.0 27.0 31.0 32.0 28.0 17.0 7.0 5.0 8.0 15.0 15.0 18.0 22.0 25.0 24.0 20.0 17.0 14.0 11.0 11.0 6.0 -3.0 -5.0 -7.0 -8.0 -7.0 -4.0 -4.0 0.0 4.0 5.0 6.0 4.0 3.0 2.0 1.0 1.0 0.0 -1.0 -2.0 -3.0 -3.0 -2.0 -3.0 -4.0 -4.0 -6.0 -7.0 -7.0 -6.0 -4.0 -2.0 0.0 4.0 4.0 7.0 7.0 7.0 7.0 7.0 5.0 4.0 3.0 3.0 2.0
-1.0 0.0 3.0 5.0 5.0 8.0 11.0 11.0 8.0 1.0 -3.0 -5.0 -4.0 -4.0 -3.0 -3.0 -2.0 -1.0 0.0 4.0 14.0 20.0 20.0 25.0 26.0 25.0 20.0 12.0 6.0 6.0 9.0 9.0 17.0 19.0 21.0 23.0 22.0 20.0 17.0 15.0 15.0 12.0 7.0 -2.0 -4.0 -6.0 -8.0 -8.0 -6.0 -6.0 -2.0 2.0 4.0 6.0 4.0 3.0 3.0 2.0 2.0 1.0 0.0 -2.0 -3.0 -3.0 -2.0 -3.0 -3.0 -3.0 -4.0 -6.0 -6.0 -6.0 -4.0 -3.0 -2.0 4.0 4.0 5.0 5.0 5.0 5.0 5.0 4.0 3.0 2.0 2.0 1.0
-4.0 -2.0 0.0 4.0 4.0 8.0 12.0 13.0 11.0 3.0 -2.0 -4.0 -4.0 -4.0 -3.0 -1.0 0.0 2.0 4.0 6.0 14.0 20.0 18.0 22.0 23.0 21.0 18.0 12.0 9.0 9.0 11.0 11.0 18.0 20.0 21.0 21.0 20.0 19.0 17.0 15.0 15.0 12.0 8.0 0.0 -4.0 -6.0 -8.0 -9.0 -7.0 -7.0 -3.0 0.0 3.0 5.0 4.0 4.0 4.0 3.0 3.0 2.0 1.0 0.0 -2.0 -3.0 -2.0 -2.0 -1.0 -1.0 -2.0 -4.0 -4.0 -4.0 -4.0 -2.0 -1.0 2.0 2.0 5.0 5.0 5.0 3.0 3.0 4.0 3.0 2.0 2.0 1.0
-5.0 -4.0 -2.0 3.0 3.0 7.0 12.0 13.0 12.0 3.0 -1.0 -4.0 -3.0 -3.0 -2.0 1.0 4.0 6.0 7.0 9.0 13.0 18.0 18.0 22.0 23.0 20.0 19.0 17.0 15.0 13.0 13.0 13.0 18.0 20.0 21.0 21.0 20.0 19.0 17.0 15.0 15.0 12.0 8.0 0.0 -3.0 -5.0 -8.0 -9.0 -7.0 -7.0 -4.0 -1.0 2.0 4.0 4.0 5.0 5.0 4.0 4.0 3.0 2.0 0.0 -2.0 -3.0 -2.0 -1.0 -1.0 -1.0 -1.0 -2.0 -2.0 -2.0 -2.0 -2.0 -1.0 2.0 2.0 3.0 3.0 3.0 3.0 3.0 1.0 1.0 1.0 1.0 1.0
-6.0 -5.0 -3.0 1.0 1.0 6.0 11.0 13.0 12.0 4.0 -1.0 -4.0 -3.0 -3.0 -1.0 3.0 7.0 9.0 11.0 11.0 12.0 16.0 16.0 19.0 20.0 20.0 19.0 22.0 21.0 17.0 14.0 14.0 17.0 19.0 20.0 20.0 20.0 19.0 18.0 16.0 16.0 12.0 9.0 1.0 -2.0 -4.0 -6.0 -8.0 -7.0 -7.0 -5.0 -2.0 1.0 3.0 5.0 5.0 5.0 5.0 5.0 4.0 2.0 1.0 -2.0 -3.0 -2.0 -1.0 0.0 0.0 1.0 -1.0 -1.0 -1.0 -1.0 -1.0 -1.0 0.0 0.0 0.0 0.0 1.0 0.0 0.0 1.0 1.0 -5.0 -5.0 -3.0
-6.0 -5.0 -5.0 -2.0 -2.0 4.0 10.0 12.0 11.0 3.0 -1.0 -4.0 -3.0 -3.0 0.0 5.0 9.0 12.0 13.0 13.0 13.0 14.0 14.0 16.0 17.0 19.0 21.0 22.0 21.0 17.0 12.0 12.0 13.0 15.0 15.0 15.0 16.0 17.0 18.0 18.0 18.0 16.0 13.0 4.0 2.0 -2.0 -4.0 -6.0 -6.0 -6.0 -4.0 -3.0 -2.0 0.0 3.0 5.0 5.0 5.0 5.0 5.0 3.0 2.0 1.0 -1.0 -1.0 0.0 1.0 1.0 0.0 -2.0 -2.0 -1.0 -1.0 1.0 0.0 -3.0 -3.0 -5.0 -5.0 -5.0 -6.0 -9.0 -10.0 -8.0 -5.0 -5.0 -3.0
-5.0 -6.0 -5.0 -1.0 -1.0 5.0 11.0 12.0 9.0 2.0 -4.0 -4.0 -3.0 -3.0 0.0 6.0 11.0 15.0 16.0 16.0 13.0 12.0 12.0 11.0 12.0 14.0 17.0 23.0 25.0 19.0 12.0 12.0 10.0 11.0 11.0 12.0 13.0 15.0 16.0 16.0 17.0 17.0 14.0 6.0 2.0 -1.0 -3.0 -4.0 -4.0 -4.0 -4.0 -3.0 -2.0 -1.0 2.0 4.0 5.0 5.0 5.0 5.0 4.0 3.0 2.0 2.0 2.0 1.0 1.0 0.0 -2.0 -3.0 -3.0 -2.0 -1.0 1.0 1.0 1.0 -4.0 -7.0 -7.0 -7.0 -9.0 -13.0 -15.0 -11.0 -11.0 -7.0 -2.0
-6.0 -6.0 -4.0 -4.0 3.0 10.0 16.0 14.0 9.0 -1.0 -4.0 -4.0 -4.0 -2.0 2.0 8.0 13.0 16.0 17.0 16.0 13.0 13.0 11.0 9.0 10.0 11.0 15.0 20.0 22.0 17.0 17.0 10.0 10.0 11.0 11.0 7.0 8.0 10.0 12.0 12.0 15.0 16.0 14.0 7.0 3.0 0.0 -2.0 -2.0 -2.0 -3.0 -5.0 -4.0 -3.0 -2.0 2.0 3.0 5.0 5.0 6.0 6.0 5.0 5.0 4.0 4.0 3.0 1.0 1.0 0.0 -2.0 -4.0 -4.0 -2.0 -1.0 1.0 1.0 1.0 -5.0 -8.0 -8.0 -8.0 -12.0 -18.0 -18.0 -13.0 -13.0 -6.0 -1.0
-7.0 -5.0 1.0 1.0 8.0 15.0 21.0 17.0 10.0 -1.0 -4.0 -3.0 -3.0 -1.0 4.0 10.0 14.0 16.0 17.0 16.0 11.0 11.0 9.0 8.0 9.0 10.0 12.0 15.0 16.0 12.0 12.0 8.0 6.0 6.0 7.0 7.0 8.0 5.0 9.0 9.0 13.0 15.0 14.0 9.0 5.0 2.0 0.0 -1.0 -1.0 -3.0 -5.0 -5.0 -4.0 -3.0 1.0 3.0 5.0 5.0 6.0 7.0 7.0 6.0 6.0 5.0 4.0 2.0 2.0 0.0 -2.0 -3.0 -3.0 -1.0 0.0 2.0 1.0 1.0 -4.0 -7.0 -8.0 -9.0 -13.0 -18.0 -19.0 -12.0 -12.0 -4.0 1.0
-7.0 -4.0 3.0 3.0 11.0 19.0 24.0 21.0 13.0 0.0 -3.0 -2.0 -2.0 1.0 6.0 12.0 16.0 17.0 17.0 15.0 10.0 10.0 8.0 7.0 8.0 9.0 10.0 11.0 11.0 9.0 9.0 6.0 3.0 2.0 2.0 3.0 4.0 5.0 9.0 6.0 11.0 13.0 13.0 9.0 6.0 3.0 1.0 -1.0 -1.0 -3.0 -5.0 -5.0 -5.0 -3.0 1.0 3.0 5.0 5.0 6.0 7.0 7.0 7.0 7.0 6.0 5.0 2.0 2.0 0.0 -1.0 -2.0 -2.0 -1.0 2.0 3.0 2.0 2.0 -2.0 -5.0 -6.0 -8.0 -12.0 -15.0 -15.0 -9.0 -9.0 -2.0 3.0
-6.0 -3.0 7.0 7.0 15.0 23.0 28.0 25.0 16.0 2.0 -2.0 -1.0 -1.0 3.0 8.0 14.0 17.0 18.0 16.0 13.0 8.0 8.0 6.0 6.0 7.0 8.0 9.0 10.0 10.0 8.0 8.0 5.0 1.0 -1.0 -1.0 -1.0 1.0 2.0 6.0 6.0 11.0 13.0 12.0 10.0 6.0 4.0 1.0 -1.0 -1.0 -3.0 -5.0 -5.0 -4.0 -3.0 1.0 3.0 4.0 4.0 5.0 6.0 7.0 7.0 6.0 6.0 5.0 2.0 2.0 0.0 0.0 0.0 0.0 2.0 3.0 4.0 3.0 3.0 0.0 -2.0 -4.0 -6.0 -9.0 -12.0 -10.0 -5.0 -5.0 1.0 4.0
-4.0 2.0 12.0 12.0 19.0 28.0 33.0 28.0 19.0 3.0 -1.0 0.0 0.0 5.0 10.0 15.0 18.0 17.0 14.0 11.0 6.0 6.0 5.0 5.0 5.0 6.0 7.0 8.0 8.0 6.0 6.0 4.0 -1.0 -2.0 -3.0 -4.0 -3.0 0.0 4.0 4.0 9.0 11.0 12.0 10.0 7.0 4.0 1.0 -1.0 -1.0 -3.0 -5.0 -4.0 -3.0 -2.0 1.0 3.0 3.0 3.0 4.0 5.0 5.0 6.0 5.0 5.0 4.0 2.0 2.0 2.0 2.0 2.0 2.0 4.0 5.0 5.0 4.0 4.0 1.0 0.0 -2.0 -4.0 -5.0 -7.0 -6.0 -3.0 -3.0 1.0 3.0
2.0 8.0 17.0 17.0 24.0 32.0 35.0 31.0 22.0 5.0 1.0 3.0 3.0 7.0 12.0 16.0 17.0 15.0 12.0 9.0 9.0 4.0 3.0 3.0 3.0 4.0 5.0 6.0 5.0 5.0 4.0 3.0 -1.0 -3.0 -4.0 -5.0 -4.0 -1.0 -1.0 2.0 6.0 10.0 11.0 10.0 7.0 4.0 1.0 1.0 -1.0 -3.0 -4.0 -3.0 -2.0 -1.0 1.0 2.0 2.0 3.0 3.0 4.0 4.0 4.0 5.0 4.0 4.0 4.0 2.0 2.0 2.0 3.0 4.0 6.0 6.0 6.0 6.0 5.0 2.0 1.0 -1.0 -2.0 -2.0 -3.0 -3.0 -3.0 -2.0 0.0 2.0
6.0 12.0 12.0 21.0 28.0 35.0 36.0 32.0 23.0 7.0 2.0 2.0 4.0 8.0 12.0 15.0 16.0 13.0 9.0 6.0 6.0 2.0 1.0 2.0 1.0 1.0 3.0 3.0 3.0 3.0 2.0 2.0 -1.0 -3.0 -4.0 -4.0 -4.0 -3.0 -3.0 0.0 5.0 8.0 10.0 9.0 6.0 3.0 1.0 1.0 -1.0 -2.0 -3.0 -2.0 -2.0 -1.0 1.0 1.0 1.0 2.0 2.0 2.0 3.0 3.0 3.0 3.0 3.0 3.0 2.0 2.0 2.0 3.0 5.0 6.0 7.0 7.0 7.0 6.0 3.0 2.0 1.0 1.0 1.0 0.0 0.0 0.0 0.0 1.0 1.0
