output2/4.txt
ncols	982
nrows	746
xllcorner	113.983674513
yllcorner	22.501509237000004
cellsize	0.00012
NODATA_value	-9999.0
[rows 190 to 227 of 746, columns 261 to 347 of 982]
134.0 131.0 127.0 123.0 121.0 120.0 119.0 119.0 119.0 119.0 119.0 119.0 119.0 120.0 122.0 123.0 125.0 129.0 133.0 136.0 140.0 146.0 152.0 158.0 165.0 166.0 166.0 166.0 166.0 167.0 169.0 173.0 177.0 181.0 185.0 195.0 195.0 202.0 207.0 212.0 212.0 206.0 195.0 184.0 172.0 172.0 160.0 141.0 134.0 127.0 121.0 116.0 111.0 107.0 107.0 104.0 102.0 100.0 99.0 97.0 95.0 92.0 89.0 89.0 83.0 78.0 74.0 69.0 61.0 58.0 59.0 59.0 59.0 59.0 60.0 57.0 58.0 57.0 53.0 44.0 39.0 39.0 38.0 40.0 42.0 44.0 46.0
126.0 123.0 121.0 118.0 116.0 115.0 114.0 113.0 113.0 113.0 114.0 114.0 115.0 116.0 117.0 119.0 122.0 126.0 131.0 136.0 140.0 145.0 151.0 155.0 161.0 161.0 161.0 160.0 160.0 162.0 166.0 169.0 174.0 178.0 183.0 183.0 196.0 205.0 213.0 221.0 223.0 217.0 209.0 197.0 197.0 184.0 172.0 148.0 137.0 127.0 119.0 114.0 110.0 107.0 107.0 105.0 104.0 102.0 101.0 98.0 95.0 92.0 87.0 87.0 80.0 75.0 70.0 66.0 58.0 56.0 56.0 56.0 56.0 56.0 56.0 57.0 58.0 57.0 50.0 41.0 38.0 38.0 37.0 39.0 41.0 44.0 46.0
119.0 118.0 117.0 114.0 112.0 110.0 108.0 108.0 108.0 108.0 108.0 109.0 110.0 111.0 113.0 115.0 119.0 124.0 129.0 134.0 139.0 145.0 151.0 155.0 155.0 155.0 155.0 153.0 154.0 158.0 163.0 167.0 172.0 176.0 181.0 181.0 197.0 208.0 218.0 227.0 230.0 227.0 220.0 214.0 214.0 205.0 193.0 161.0 141.0 124.0 115.0 112.0 110.0 110.0 107.0 106.0 106.0 106.0 104.0 101.0 97.0 93.0 93.0 85.0 77.0 71.0 66.0 62.0 57.0 55.0 54.0 54.0 54.0 53.0 53.0 54.0 54.0 54.0 50.0 41.0 41.0 38.0 37.0 38.0 41.0 43.0 45.0
115.0 115.0 115.0 112.0 110.0 107.0 105.0 103.0 103.0 103.0 103.0 104.0 106.0 106.0 109.0 112.0 116.0 121.0 127.0 133.0 138.0 144.0 148.0 152.0 155.0 155.0 147.0 146.0 148.0 153.0 160.0 165.0 170.0 175.0 181.0 181.0 198.0 210.0 221.0 230.0 234.0 233.0 229.0 227.0 227.0 223.0 213.0 174.0 148.0 122.0 112.0 110.0 109.0 109.0 108.0 107.0 108.0 110.0 108.0 104.0 100.0 95.0 95.0 85.0 74.0 65.0 61.0 58.0 56.0 55.0 54.0 54.0 53.0 52.0 51.0 51.0 51.0 50.0 48.0 41.0 41.0 38.0 38.0 39.0 41.0 43.0 44.0
113.0 114.0 114.0 111.0 108.0 105.0 101.0 100.0 99.0 99.0 99.0 100.0 101.0 102.0 105.0 109.0 113.0 118.0 124.0 130.0 136.0 140.0 144.0 147.0 148.0 147.0 147.0 146.0 141.0 149.0 157.0 164.0 170.0 175.0 182.0 182.0 199.0 210.0 220.0 229.0 234.0 234.0 233.0 234.0 234.0 232.0 223.0 184.0 152.0 123.0 111.0 110.0 110.0 110.0 108.0 107.0 109.0 112.0 109.0 106.0 102.0 95.0 95.0 84.0 70.0 60.0 56.0 54.0 56.0 56.0 54.0 54.0 53.0 51.0 50.0 49.0 49.0 48.0 46.0 41.0 41.0 39.0 38.0 39.0 41.0 42.0 42.0
111.0 113.0 114.0 110.0 107.0 103.0 100.0 97.0 96.0 96.0 95.0 96.0 97.0 98.0 102.0 106.0 110.0 115.0 121.0 126.0 132.0 136.0 138.0 140.0 138.0 138.0 138.0 137.0 141.0 149.0 157.0 162.0 172.0 179.0 184.0 184.0 198.0 206.0 212.0 216.0 220.0 224.0 229.0 233.0 233.0 236.0 230.0 192.0 160.0 130.0 117.0 115.0 113.0 113.0 110.0 108.0 108.0 108.0 107.0 105.0 101.0 94.0 94.0 80.0 63.0 53.0 50.0 50.0 57.0 58.0 59.0 59.0 57.0 54.0 51.0 49.0 48.0 47.0 47.0 43.0 43.0 41.0 40.0 41.0 42.0 42.0 42.0
108.0 109.0 110.0 109.0 106.0 101.0 97.0 94.0 94.0 91.0 90.0 90.0 91.0 92.0 96.0 99.0 102.0 106.0 111.0 114.0 117.0 120.0 122.0 124.0 126.0 127.0 127.0 129.0 133.0 142.0 153.0 162.0 172.0 183.0 186.0 186.0 196.0 202.0 204.0 205.0 208.0 214.0 220.0 226.0 226.0 230.0 224.0 190.0 163.0 138.0 127.0 123.0 119.0 119.0 112.0 107.0 105.0 105.0 105.0 103.0 100.0 94.0 94.0 81.0 66.0 57.0 54.0 53.0 58.0 59.0 60.0 60.0 58.0 55.0 51.0 50.0 49.0 48.0 47.0 44.0 44.0 42.0 42.0 42.0 42.0 41.0 40.0
103.0 104.0 105.0 105.0 102.0 98.0 94.0 91.0 91.0 88.0 87.0 87.0 88.0 89.0 92.0 94.0 97.0 101.0 105.0 107.0 109.0 111.0 114.0 117.0 121.0 121.0 124.0 128.0 134.0 144.0 154.0 166.0 177.0 183.0 183.0 186.0 195.0 196.0 196.0 195.0 198.0 205.0 212.0 212.0 219.0 223.0 218.0 187.0 167.0 148.0 137.0 133.0 133.0 126.0 115.0 107.0 104.0 102.0 103.0 102.0 100.0 95.0 95.0 85.0 73.0 65.0 61.0 59.0 60.0 60.0 61.0 61.0 59.0 56.0 52.0 50.0 50.0 49.0 48.0 45.0 45.0 43.0 43.0 42.0 42.0 40.0 39.0
97.0 97.0 98.0 100.0 98.0 94.0 91.0 87.0 87.0 83.0 82.0 83.0 84.0 84.0 87.0 89.0 91.0 95.0 98.0 101.0 103.0 105.0 108.0 111.0 118.0 118.0 123.0 130.0 140.0 154.0 167.0 179.0 189.0 194.0 194.0 194.0 195.0 196.0 188.0 188.0 192.0 199.0 207.0 207.0 213.0 216.0 211.0 185.0 170.0 158.0 151.0 147.0 147.0 135.0 120.0 109.0 104.0 100.0 101.0 101.0 100.0 100.0 97.0 91.0 83.0 75.0 70.0 66.0 62.0 61.0 61.0 60.0 58.0 55.0 52.0 51.0 51.0 50.0 49.0 49.0 45.0 44.0 44.0 43.0 42.0 40.0 38.0
91.0 90.0 90.0 94.0 93.0 89.0 85.0 81.0 81.0 79.0 78.0 80.0 81.0 81.0 82.0 83.0 85.0 90.0 93.0 95.0 98.0 101.0 104.0 107.0 116.0 116.0 124.0 135.0 151.0 170.0 186.0 199.0 208.0 210.0 210.0 207.0 195.0 191.0 188.0 188.0 192.0 195.0 202.0 202.0 207.0 209.0 204.0 183.0 175.0 168.0 164.0 159.0 159.0 146.0 127.0 112.0 106.0 100.0 99.0 100.0 101.0 101.0 101.0 99.0 94.0 87.0 79.0 74.0 66.0 62.0 62.0 59.0 56.0 53.0 52.0 51.0 51.0 51.0 49.0 49.0 47.0 46.0 45.0 44.0 43.0 41.0 39.0
85.0 82.0 82.0 87.0 85.0 82.0 79.0 76.0 76.0 74.0 75.0 77.0 78.0 79.0 80.0 81.0 83.0 88.0 91.0 93.0 95.0 98.0 102.0 105.0 115.0 115.0 125.0 139.0 161.0 186.0 207.0 218.0 223.0 223.0 223.0 218.0 195.0 186.0 182.0 183.0 188.0 195.0 202.0 198.0 202.0 203.0 196.0 181.0 177.0 173.0 171.0 167.0 167.0 154.0 134.0 119.0 110.0 102.0 101.0 102.0 105.0 105.0 107.0 106.0 103.0 97.0 89.0 81.0 69.0 63.0 63.0 58.0 54.0 53.0 52.0 51.0 52.0 52.0 51.0 51.0 49.0 48.0 47.0 46.0 45.0 43.0 42.0
80.0 78.0 76.0 80.0 79.0 76.0 74.0 71.0 71.0 71.0 72.0 75.0 77.0 77.0 79.0 81.0 83.0 88.0 91.0 93.0 96.0 99.0 102.0 105.0 114.0 114.0 126.0 144.0 171.0 203.0 225.0 234.0 235.0 233.0 233.0 226.0 196.0 183.0 178.0 179.0 184.0 192.0 198.0 198.0 202.0 203.0 190.0 178.0 176.0 175.0 174.0 170.0 170.0 159.0 141.0 127.0 118.0 107.0 105.0 106.0 110.0 110.0 112.0 112.0 109.0 103.0 95.0 87.0 73.0 66.0 66.0 60.0 55.0 54.0 53.0 53.0 53.0 53.0 53.0 53.0 53.0 52.0 51.0 49.0 48.0 47.0 47.0
80.0 77.0 75.0 75.0 74.0 71.0 69.0 69.0 69.0 69.0 71.0 75.0 77.0 78.0 80.0 83.0 83.0 90.0 93.0 95.0 97.0 100.0 103.0 106.0 106.0 114.0 127.0 148.0 180.0 217.0 239.0 245.0 243.0 239.0 239.0 232.0 197.0 183.0 176.0 176.0 181.0 190.0 195.0 195.0 197.0 195.0 190.0 178.0 174.0 175.0 174.0 170.0 170.0 162.0 149.0 135.0 125.0 112.0 111.0 112.0 116.0 116.0 118.0 117.0 113.0 107.0 99.0 91.0 77.0 70.0 70.0 64.0 59.0 56.0 55.0 55.0 55.0 55.0 55.0 55.0 57.0 58.0 57.0 55.0 53.0 53.0 54.0
80.0 77.0 75.0 71.0 70.0 68.0 67.0 67.0 67.0 69.0 72.0 76.0 78.0 80.0 84.0 88.0 88.0 94.0 97.0 99.0 101.0 104.0 107.0 109.0 109.0 117.0 131.0 154.0 186.0 224.0 247.0 252.0 249.0 249.0 243.0 233.0 199.0 183.0 175.0 172.0 176.0 183.0 183.0 188.0 189.0 188.0 183.0 174.0 174.0 175.0 172.0 172.0 169.0 162.0 151.0 139.0 130.0 118.0 117.0 119.0 119.0 122.0 123.0 121.0 116.0 109.0 101.0 94.0 81.0 75.0 75.0 69.0 64.0 61.0 60.0 58.0 58.0 57.0 57.0 57.0 62.0 64.0 63.0 61.0 59.0 60.0 62.0
80.0 76.0 73.0 68.0 67.0 66.0 66.0 66.0 67.0 70.0 74.0 78.0 81.0 83.0 89.0 93.0 93.0 99.0 101.0 103.0 106.0 108.0 112.0 113.0 113.0 121.0 136.0 159.0 192.0 228.0 250.0 254.0 251.0 251.0 243.0 231.0 199.0 185.0 173.0 166.0 167.0 173.0 173.0 177.0 179.0 179.0 175.0 169.0 171.0 172.0 172.0 172.0 169.0 160.0 151.0 142.0 133.0 123.0 123.0 125.0 125.0 128.0 129.0 124.0 118.0 110.0 101.0 94.0 84.0 84.0 80.0 75.0 71.0 69.0 66.0 64.0 62.0 61.0 61.0 60.0 67.0 70.0 70.0 69.0 68.0 68.0 69.0
79.0 75.0 72.0 66.0 65.0 65.0 66.0 66.0 68.0 71.0 76.0 80.0 84.0 87.0 92.0 96.0 96.0 102.0 105.0 108.0 111.0 114.0 118.0 119.0 119.0 126.0 141.0 164.0 194.0 228.0 247.0 250.0 247.0 247.0 238.0 226.0 196.0 182.0 169.0 161.0 159.0 162.0 162.0 165.0 169.0 170.0 167.0 163.0 166.0 168.0 168.0 168.0 166.0 160.0 151.0 139.0 133.0 127.0 127.0 129.0 129.0 131.0 131.0 127.0 120.0 112.0 103.0 96.0 91.0 91.0 88.0 85.0 84.0 82.0 79.0 75.0 72.0 71.0 71.0 71.0 76.0 79.0 82.0 84.0 84.0 82.0 81.0
79.0 75.0 64.0 63.0 64.0 65.0 68.0 68.0 71.0 75.0 80.0 84.0 89.0 92.0 97.0 100.0 100.0 107.0 112.0 116.0 121.0 125.0 129.0 131.0 131.0 139.0 151.0 166.0 188.0 212.0 225.0 227.0 224.0 224.0 217.0 206.0 176.0 164.0 155.0 149.0 145.0 144.0 144.0 146.0 148.0 150.0 151.0 154.0 156.0 157.0 157.0 157.0 155.0 150.0 145.0 139.0 133.0 127.0 126.0 127.0 127.0 129.0 129.0 127.0 122.0 114.0 106.0 100.0 93.0 93.0 91.0 89.0 88.0 85.0 84.0 81.0 79.0 77.0 77.0 76.0 80.0 83.0 88.0 90.0 91.0 89.0 88.0
71.0 67.0 64.0 63.0 64.0 66.0 70.0 70.0 74.0 77.0 82.0 87.0 90.0 93.0 98.0 101.0 101.0 109.0 114.0 120.0 125.0 129.0 133.0 136.0 136.0 142.0 150.0 160.0 177.0 194.0 206.0 210.0 208.0 208.0 202.0 191.0 165.0 155.0 148.0 142.0 138.0 137.0 137.0 138.0 140.0 142.0 145.0 149.0 151.0 152.0 152.0 152.0 149.0 146.0 140.0 135.0 130.0 125.0 126.0 127.0 123.0 126.0 127.0 126.0 123.0 117.0 109.0 104.0 95.0 95.0 93.0 91.0 89.0 88.0 88.0 87.0 85.0 84.0 84.0 82.0 84.0 88.0 92.0 95.0 96.0 95.0 93.0
66.0 62.0 60.0 62.0 64.0 66.0 66.0 72.0 76.0 80.0 84.0 89.0 92.0 94.0 99.0 99.0 102.0 111.0 117.0 123.0 129.0 132.0 136.0 136.0 139.0 144.0 147.0 152.0 164.0 176.0 185.0 191.0 191.0 191.0 184.0 175.0 155.0 146.0 140.0 136.0 134.0 133.0 133.0 133.0 135.0 137.0 138.0 144.0 147.0 148.0 148.0 148.0 146.0 141.0 137.0 131.0 126.0 121.0 122.0 123.0 123.0 126.0 127.0 125.0 123.0 119.0 113.0 108.0 98.0 98.0 94.0 91.0 90.0 90.0 90.0 91.0 92.0 90.0 90.0 89.0 90.0 92.0 97.0 100.0 101.0 100.0 98.0
61.0 58.0 57.0 62.0 65.0 68.0 68.0 72.0 76.0 80.0 88.0 92.0 94.0 96.0 101.0 101.0 105.0 115.0 121.0 127.0 131.0 134.0 137.0 137.0 138.0 139.0 140.0 144.0 152.0 161.0 169.0 176.0 176.0 176.0 169.0 160.0 146.0 139.0 134.0 131.0 130.0 130.0 129.0 129.0 130.0 131.0 133.0 138.0 141.0 144.0 144.0 144.0 142.0 138.0 133.0 127.0 121.0 116.0 117.0 117.0 119.0 123.0 125.0 125.0 123.0 121.0 117.0 112.0 112.0 101.0 96.0 92.0 90.0 91.0 92.0 94.0 96.0 96.0 96.0 94.0 95.0 96.0 101.0 104.0 105.0 103.0 100.0
57.0 55.0 56.0 63.0 67.0 71.0 71.0 75.0 79.0 83.0 88.0 92.0 96.0 98.0 104.0 104.0 108.0 118.0 124.0 129.0 133.0 134.0 135.0 135.0 135.0 134.0 134.0 135.0 141.0 150.0 157.0 163.0 163.0 163.0 156.0 148.0 139.0 135.0 130.0 128.0 126.0 126.0 126.0 125.0 126.0 127.0 129.0 134.0 137.0 139.0 139.0 140.0 139.0 134.0 129.0 124.0 118.0 112.0 113.0 113.0 115.0 120.0 122.0 123.0 123.0 121.0 117.0 112.0 114.0 103.0 97.0 93.0 91.0 93.0 95.0 97.0 99.0 99.0 100.0 100.0 99.0 101.0 104.0 107.0 107.0 105.0 105.0
54.0 54.0 55.0 64.0 68.0 73.0 73.0 78.0 82.0 87.0 91.0 94.0 96.0 98.0 104.0 107.0 112.0 121.0 126.0 129.0 131.0 132.0 131.0 131.0 130.0 129.0 128.0 130.0 135.0 141.0 147.0 151.0 151.0 151.0 145.0 137.0 134.0 131.0 127.0 124.0 122.0 122.0 122.0 122.0 122.0 123.0 124.0 131.0 133.0 135.0 135.0 136.0 135.0 131.0 125.0 120.0 114.0 109.0 109.0 109.0 112.0 117.0 119.0 121.0 121.0 121.0 119.0 114.0 114.0 103.0 99.0 95.0 93.0 95.0 97.0 99.0 101.0 101.0 103.0 106.0 103.0 103.0 107.0 109.0 109.0 105.0 105.0
54.0 54.0 56.0 65.0 70.0 75.0 75.0 80.0 85.0 90.0 93.0 96.0 98.0 100.0 107.0 107.0 112.0 123.0 125.0 126.0 127.0 127.0 126.0 126.0 124.0 122.0 123.0 126.0 131.0 137.0 140.0 141.0 141.0 140.0 135.0 130.0 130.0 127.0 123.0 119.0 117.0 117.0 118.0 117.0 118.0 119.0 120.0 126.0 129.0 130.0 130.0 131.0 131.0 127.0 122.0 117.0 113.0 107.0 107.0 107.0 110.0 114.0 116.0 119.0 119.0 120.0 119.0 116.0 116.0 106.0 99.0 95.0 93.0 99.0 101.0 102.0 104.0 104.0 107.0 109.0 107.0 107.0 109.0 111.0 110.0 106.0 106.0
53.0 54.0 56.0 65.0 71.0 71.0 76.0 81.0 88.0 92.0 95.0 98.0 100.0 102.0 111.0 111.0 115.0 123.0 122.0 122.0 121.0 121.0 121.0 121.0 118.0 117.0 120.0 124.0 129.0 133.0 134.0 133.0 133.0 131.0 128.0 126.0 126.0 124.0 118.0 115.0 112.0 112.0 112.0 113.0 114.0 115.0 116.0 121.0 123.0 125.0 125.0 126.0 126.0 122.0 118.0 115.0 111.0 106.0 105.0 105.0 108.0 111.0 114.0 116.0 118.0 119.0 119.0 117.0 117.0 109.0 103.0 100.0 99.0 99.0 101.0 106.0 108.0 108.0 110.0 112.0 112.0 111.0 111.0 112.0 111.0 109.0 109.0
51.0 52.0 55.0 65.0 71.0 71.0 77.0 83.0 88.0 92.0 96.0 99.0 101.0 104.0 104.0 112.0 115.0 121.0 122.0 122.0 121.0 113.0 113.0 114.0 113.0 112.0 116.0 120.0 124.0 128.0 128.0 128.0 125.0 123.0 122.0 122.0 122.0 120.0 114.0 110.0 110.0 107.0 106.0 108.0 109.0 111.0 112.0 116.0 118.0 119.0 119.0 120.0 121.0 118.0 115.0 112.0 109.0 105.0 104.0 104.0 106.0 108.0 112.0 114.0 116.0 117.0 118.0 117.0 117.0 112.0 109.0 107.0 105.0 105.0 105.0 106.0 108.0 110.0 111.0 112.0 114.0 114.0 113.0 112.0 113.0 112.0 112.0
49.0 51.0 55.0 66.0 72.0 72.0 78.0 83.0 88.0 92.0 96.0 99.0 101.0 104.0 104.0 110.0 113.0 116.0 115.0 114.0 113.0 113.0 113.0 107.0 107.0 110.0 113.0 116.0 120.0 123.0 122.0 122.0 119.0 118.0 118.0 118.0 119.0 116.0 110.0 106.0 106.0 102.0 101.0 102.0 105.0 107.0 107.0 110.0 111.0 111.0 113.0 115.0 115.0 113.0 111.0 109.0 107.0 103.0 103.0 102.0 103.0 106.0 109.0 111.0 114.0 115.0 117.0 117.0 117.0 115.0 114.0 112.0 110.0 109.0 108.0 109.0 109.0 110.0 111.0 112.0 112.0 112.0 112.0 111.0 111.0 110.0 110.0
47.0 50.0 54.0 66.0 73.0 73.0 79.0 84.0 88.0 92.0 95.0 99.0 101.0 102.0 102.0 108.0 109.0 109.0 107.0 106.0 105.0 106.0 106.0 107.0 107.0 110.0 105.0 108.0 112.0 114.0 114.0 114.0 112.0 110.0 110.0 112.0 113.0 109.0 102.0 96.0 96.0 92.0 91.0 93.0 97.0 98.0 98.0 99.0 100.0 100.0 102.0 104.0 105.0 105.0 104.0 103.0 102.0 97.0 97.0 96.0 98.0 100.0 103.0 107.0 110.0 113.0 115.0 115.0 117.0 119.0 119.0 117.0 115.0 112.0 110.0 108.0 108.0 107.0 108.0 109.0 112.0 112.0 110.0 110.0 109.0 109.0 108.0
46.0 49.0 54.0 68.0 74.0 74.0 79.0 83.0 87.0 89.0 92.0 95.0 96.0 97.0 97.0 97.0 97.0 95.0 94.0 93.0 93.0 94.0 94.0 95.0 97.0 102.0 105.0 108.0 108.0 110.0 110.0 110.0 109.0 108.0 108.0 108.0 109.0 104.0 97.0 91.0 91.0 87.0 85.0 89.0 93.0 94.0 95.0 95.0 95.0 95.0 98.0 100.0 102.0 102.0 102.0 100.0 98.0 94.0 94.0 93.0 95.0 97.0 100.0 104.0 108.0 111.0 113.0 113.0 116.0 118.0 118.0 116.0 113.0 111.0 109.0 107.0 107.0 105.0 105.0 106.0 110.0 110.0 110.0 110.0 109.0 107.0 106.0
49.0 51.0 56.0 69.0 74.0 74.0 78.0 81.0 84.0 87.0 90.0 92.0 93.0 93.0 93.0 93.0 93.0 90.0 90.0 89.0 89.0 89.0 89.0 90.0 92.0 97.0 100.0 104.0 108.0 110.0 110.0 106.0 106.0 106.0 105.0 104.0 103.0 98.0 91.0 84.0 84.0 82.0 82.0 84.0 89.0 90.0 91.0 92.0 92.0 92.0 95.0 97.0 99.0 100.0 99.0 98.0 95.0 91.0 91.0 90.0 92.0 95.0 98.0 102.0 105.0 108.0 111.0 111.0 114.0 117.0 116.0 114.0 111.0 108.0 106.0 104.0 104.0 103.0 103.0 104.0 108.0 108.0 108.0 108.0 107.0 107.0 106.0
52.0 54.0 59.0 70.0 70.0 73.0 76.0 79.0 81.0 84.0 87.0 88.0 89.0 89.0 89.0 90.0 90.0 88.0 87.0 85.0 84.0 84.0 84.0 84.0 87.0 92.0 95.0 99.0 102.0 105.0 106.0 106.0 106.0 103.0 102.0 100.0 96.0 91.0 83.0 79.0 79.0 78.0 79.0 81.0 84.0 87.0 88.0 90.0 92.0 92.0 94.0 96.0 97.0 98.0 97.0 96.0 94.0 88.0 88.0 88.0 90.0 92.0 96.0 100.0 103.0 106.0 109.0 109.0 112.0 115.0 114.0 112.0 109.0 106.0 104.0 102.0 102.0 101.0 101.0 102.0 106.0 106.0 106.0 106.0 105.0 105.0 104.0
55.0 58.0 61.0 69.0 69.0 71.0 73.0 75.0 78.0 80.0 82.0 83.0 84.0 84.0 84.0 87.0 87.0 84.0 84.0 83.0 82.0 82.0 80.0 80.0 82.0 87.0 90.0 93.0 97.0 100.0 100.0 102.0 103.0 103.0 102.0 100.0 89.0 83.0 78.0 78.0 74.0 74.0 75.0 78.0 81.0 83.0 84.0 89.0 89.0 91.0 94.0 96.0 97.0 97.0 96.0 94.0 92.0 85.0 85.0 85.0 87.0 90.0 93.0 98.0 101.0 104.0 107.0 107.0 110.0 114.0 113.0 111.0 108.0 105.0 102.0 101.0 101.0 100.0 101.0 101.0 104.0 104.0 104.0 104.0 103.0 103.0 102.0
57.0 61.0 64.0 68.0 68.0 69.0 70.0 72.0 73.0 75.0 77.0 78.0 79.0 79.0 80.0 82.0 83.0 81.0 80.0 79.0 78.0 78.0 77.0 77.0 77.0 81.0 84.0 88.0 91.0 94.0 94.0 97.0 100.0 100.0 98.0 96.0 89.0 83.0 73.0 73.0 71.0 71.0 73.0 76.0 79.0 81.0 83.0 89.0 89.0 92.0 94.0 96.0 97.0 96.0 95.0 92.0 90.0 90.0 83.0 82.0 83.0 87.0 91.0 95.0 99.0 101.0 101.0 104.0 107.0 112.0 112.0 110.0 108.0 104.0 102.0 102.0 101.0 100.0 100.0 101.0 102.0 103.0 103.0 102.0 102.0 102.0 100.0
57.0 61.0 64.0 66.0 66.0 66.0 67.0 68.0 69.0 70.0 71.0 73.0 74.0 74.0 76.0 79.0 79.0 78.0 77.0 76.0 75.0 75.0 74.0 74.0 73.0 75.0 78.0 81.0 85.0 90.0 90.0 93.0 95.0 95.0 94.0 91.0 81.0 77.0 73.0 73.0 71.0 69.0 71.0 74.0 77.0 80.0 82.0 90.0 90.0 93.0 96.0 97.0 97.0 95.0 93.0 91.0 88.0 88.0 81.0 79.0 80.0 83.0 88.0 92.0 95.0 98.0 98.0 101.0 104.0 110.0 111.0 110.0 108.0 105.0 102.0 102.0 101.0 100.0 99.0 100.0 101.0 101.0 102.0 102.0 102.0 101.0 99.0
56.0 60.0 63.0 64.0 64.0 64.0 64.0 64.0 64.0 65.0 65.0 67.0 70.0 70.0 72.0 75.0 76.0 75.0 73.0 72.0 71.0 71.0 70.0 70.0 70.0 71.0 73.0 77.0 81.0 85.0 85.0 89.0 91.0 91.0 90.0 87.0 76.0 72.0 69.0 69.0 68.0 69.0 71.0 71.0 74.0 78.0 81.0 90.0 90.0 93.0 96.0 97.0 96.0 94.0 91.0 88.0 85.0 85.0 78.0 76.0 77.0 79.0 83.0 88.0 91.0 94.0 94.0 97.0 101.0 108.0 110.0 110.0 108.0 105.0 103.0 103.0 100.0 99.0 98.0 97.0 99.0 99.0 101.0 101.0 101.0 100.0 98.0
55.0 59.0 61.0 62.0 62.0 61.0 61.0 60.0 59.0 60.0 60.0 62.0 65.0 65.0 67.0 71.0 72.0 71.0 70.0 69.0 68.0 68.0 67.0 67.0 67.0 68.0 70.0 73.0 78.0 81.0 81.0 85.0 87.0 87.0 85.0 82.0 73.0 70.0 68.0 68.0 67.0 67.0 68.0 71.0 74.0 75.0 80.0 90.0 90.0 94.0 96.0 97.0 95.0 92.0 88.0 84.0 81.0 81.0 74.0 73.0 73.0 75.0 78.0 81.0 84.0 88.0 88.0 92.0 96.0 104.0 107.0 107.0 106.0 104.0 101.0 101.0 99.0 97.0 95.0 95.0 96.0 98.0 100.0 100.0 100.0 99.0 97.0
54.0 57.0 58.0 58.0 57.0 57.0 56.0 55.0 55.0 55.0 55.0 58.0 58.0 61.0 64.0 69.0 69.0 68.0 66.0 65.0 65.0 64.0 64.0 64.0 64.0 66.0 68.0 71.0 75.0 79.0 79.0 82.0 83.0 83.0 81.0 79.0 72.0 69.0 67.0 67.0 65.0 64.0 65.0 68.0 71.0 75.0 80.0 90.0 87.0 92.0 94.0 94.0 91.0 85.0 80.0 77.0 73.0 73.0 68.0 67.0 66.0 66.0 67.0 68.0 71.0 74.0 74.0 79.0 84.0 93.0 96.0 98.0 97.0 96.0 94.0 94.0 91.0 89.0 87.0 87.0 91.0 94.0 97.0 98.0 98.0 98.0 96.0
51.0 52.0 51.0 51.0 49.0 47.0 46.0 47.0 48.0 48.0 49.0 51.0 51.0 54.0 58.0 64.0 64.0 61.0 59.0 57.0 57.0 56.0 56.0 58.0 59.0 64.0 67.0 70.0 74.0 74.0 76.0 77.0 78.0 76.0 74.0 72.0 68.0 67.0 67.0 65.0 63.0 60.0 59.0 61.0 64.0 69.0 74.0 74.0 87.0 92.0 91.0 90.0 87.0 82.0 77.0 73.0 73.0 70.0 66.0 64.0 63.0 62.0 61.0 62.0 64.0 68.0 68.0 73.0 78.0 88.0 91.0 92.0 92.0 91.0 88.0 88.0 85.0 83.0 83.0 83.0 89.0 92.0 96.0 98.0 98.0 97.0 96.0
49.0 50.0 48.0 48.0 45.0 43.0 42.0 43.0 45.0 46.0 47.0 49.0 49.0 52.0 55.0 61.0 62.0 58.0 55.0 53.0 53.0 52.0 52.0 54.0 56.0 63.0 67.0 70.0 73.0 73.0 75.0 76.0 75.0 73.0 71.0 69.0 66.0 65.0 65.0 64.0 61.0 58.0 57.0 58.0 60.0 64.0 70.0 70.0 83.0 89.0 91.0 90.0 87.0 79.0 75.0 71.0 71.0 68.0 65.0 63.0 60.0 58.0 56.0 55.0 58.0 58.0 63.0 68.0 73.0 82.0 84.0 87.0 87.0 84.0 84.0 81.0 78.0 78.0 78.0 80.0 88.0 92.0 95.0 95.0 97.0 97.0 96.0
