output2/4.txt
ncols	982
nrows	746
xllcorner	113.983674513
yllcorner	22.501509237000004
cellsize	0.00012
NODATA_value	-9999.0
[rows 304 to 341 of 746, columns 522 to 608 of 982]
17.0 17.0 20.0 23.0 25.0 28.0 33.0 35.0 35.0 35.0 35.0 35.0 34.0 31.0 27.0 24.0 23.0 21.0 20.0 20.0 19.0 19.0 18.0 16.0 16.0 15.0 15.0 15.0 15.0 15.0 15.0 15.0 16.0 17.0 19.0 22.0 24.0 24.0 26.0 30.0 27.0 27.0 27.0 28.0 30.0 32.0 32.0 35.0 37.0 39.0 41.0 45.0 46.0 47.0 49.0 49.0 51.0 53.0 55.0 57.0 59.0 61.0 63.0 64.0 64.0 65.0 65.0 64.0 62.0 61.0 60.0 59.0 55.0 55.0 51.0 48.0 46.0 46.0 46.0 47.0 41.0 40.0 40.0 38.0 35.0 33.0 32.0
18.0 18.0 21.0 23.0 26.0 28.0 34.0 35.0 36.0 36.0 36.0 35.0 33.0 31.0 28.0 26.0 24.0 21.0 20.0 20.0 19.0 18.0 17.0 16.0 16.0 16.0 16.0 15.0 15.0 14.0 13.0 13.0 13.0 13.0 14.0 15.0 18.0 18.0 20.0 23.0 25.0 25.0 26.0 28.0 31.0 33.0 33.0 35.0 36.0 38.0 40.0 42.0 43.0 44.0 44.0 44.0 45.0 47.0 49.0 50.0 51.0 52.0 53.0 53.0 53.0 53.0 53.0 54.0 54.0 53.0 53.0 52.0 46.0 46.0 42.0 38.0 37.0 38.0 40.0 40.0 41.0 40.0 36.0 35.0 33.0 32.0 31.0
21.0 21.0 23.0 25.0 27.0 30.0 33.0 35.0 36.0 36.0 36.0 35.0 33.0 31.0 28.0 26.0 24.0 21.0 19.0 19.0 17.0 17.0 16.0 16.0 16.0 16.0 16.0 15.0 15.0 14.0 13.0 12.0 12.0 12.0 13.0 14.0 16.0 16.0 19.0 21.0 24.0 25.0 27.0 28.0 31.0 33.0 33.0 34.0 36.0 37.0 38.0 40.0 40.0 41.0 41.0 41.0 42.0 44.0 45.0 46.0 46.0 47.0 48.0 49.0 49.0 49.0 50.0 50.0 50.0 49.0 48.0 47.0 42.0 42.0 38.0 35.0 34.0 34.0 35.0 36.0 37.0 36.0 36.0 35.0 33.0 31.0 30.0
23.0 23.0 25.0 27.0 27.0 30.0 32.0 34.0 35.0 35.0 35.0 34.0 32.0 28.0 26.0 24.0 23.0 19.0 17.0 17.0 17.0 17.0 17.0 16.0 16.0 16.0 16.0 15.0 15.0 14.0 13.0 13.0 13.0 13.0 13.0 14.0 15.0 15.0 17.0 19.0 23.0 25.0 27.0 30.0 32.0 33.0 33.0 34.0 36.0 37.0 37.0 38.0 38.0 38.0 38.0 38.0 39.0 41.0 42.0 43.0 43.0 43.0 44.0 45.0 45.0 46.0 46.0 47.0 46.0 45.0 44.0 42.0 39.0 39.0 35.0 32.0 31.0 31.0 31.0 32.0 33.0 33.0 33.0 33.0 32.0 31.0 30.0
25.0 25.0 27.0 28.0 30.0 30.0 32.0 33.0 34.0 33.0 33.0 32.0 30.0 27.0 24.0 23.0 21.0 18.0 16.0 16.0 16.0 16.0 16.0 16.0 16.0 16.0 16.0 15.0 15.0 14.0 13.0 13.0 13.0 13.0 14.0 14.0 14.0 15.0 16.0 17.0 22.0 25.0 27.0 31.0 32.0 32.0 34.0 35.0 36.0 36.0 36.0 36.0 36.0 36.0 36.0 35.0 36.0 38.0 39.0 40.0 40.0 40.0 41.0 41.0 42.0 44.0 44.0 44.0 42.0 40.0 39.0 38.0 38.0 37.0 34.0 31.0 28.0 27.0 27.0 28.0 30.0 30.0 31.0 32.0 32.0 31.0 30.0
25.0 27.0 30.0 31.0 31.0 31.0 31.0 32.0 32.0 32.0 32.0 30.0 27.0 25.0 22.0 21.0 20.0 17.0 17.0 15.0 16.0 16.0 16.0 16.0 15.0 16.0 15.0 15.0 15.0 14.0 13.0 13.0 13.0 13.0 14.0 14.0 14.0 14.0 15.0 16.0 21.0 24.0 27.0 31.0 33.0 33.0 34.0 35.0 36.0 36.0 35.0 35.0 34.0 33.0 33.0 33.0 33.0 35.0 37.0 38.0 38.0 38.0 38.0 38.0 39.0 41.0 41.0 40.0 38.0 36.0 35.0 35.0 35.0 35.0 34.0 31.0 27.0 24.0 24.0 25.0 27.0 27.0 28.0 30.0 32.0 32.0 31.0
27.0 30.0 32.0 32.0 32.0 32.0 31.0 32.0 31.0 31.0 30.0 28.0 26.0 23.0 21.0 19.0 18.0 15.0 15.0 14.0 15.0 15.0 15.0 15.0 14.0 15.0 14.0 14.0 14.0 13.0 13.0 13.0 14.0 14.0 14.0 14.0 14.0 14.0 15.0 16.0 20.0 23.0 26.0 30.0 32.0 32.0 34.0 35.0 35.0 35.0 34.0 33.0 32.0 31.0 31.0 31.0 31.0 33.0 35.0 36.0 36.0 35.0 34.0 34.0 35.0 36.0 36.0 35.0 34.0 32.0 31.0 32.0 32.0 33.0 32.0 32.0 27.0 23.0 23.0 23.0 25.0 25.0 26.0 27.0 32.0 33.0 32.0
30.0 32.0 33.0 33.0 33.0 33.0 32.0 32.0 31.0 31.0 30.0 27.0 25.0 23.0 20.0 19.0 18.0 14.0 14.0 13.0 14.0 14.0 14.0 14.0 13.0 13.0 13.0 13.0 13.0 13.0 13.0 14.0 14.0 14.0 14.0 14.0 14.0 14.0 15.0 16.0 20.0 23.0 26.0 28.0 31.0 31.0 33.0 34.0 34.0 34.0 33.0 31.0 30.0 28.0 28.0 28.0 28.0 31.0 32.0 33.0 33.0 33.0 31.0 31.0 32.0 32.0 32.0 31.0 30.0 28.0 28.0 28.0 28.0 31.0 31.0 31.0 27.0 23.0 22.0 21.0 22.0 22.0 23.0 24.0 32.0 33.0 33.0
31.0 33.0 34.0 34.0 34.0 33.0 32.0 32.0 32.0 32.0 31.0 28.0 26.0 23.0 21.0 19.0 18.0 13.0 13.0 12.0 12.0 12.0 12.0 12.0 12.0 12.0 12.0 12.0 12.0 13.0 14.0 15.0 15.0 15.0 15.0 14.0 14.0 14.0 15.0 16.0 20.0 23.0 25.0 27.0 30.0 30.0 32.0 33.0 33.0 32.0 31.0 28.0 26.0 26.0 26.0 25.0 26.0 28.0 30.0 31.0 31.0 31.0 27.0 27.0 28.0 28.0 28.0 26.0 26.0 25.0 26.0 26.0 26.0 28.0 30.0 31.0 28.0 24.0 21.0 19.0 19.0 19.0 19.0 21.0 30.0 33.0 34.0
32.0 33.0 34.0 34.0 34.0 33.0 32.0 33.0 33.0 33.0 33.0 31.0 28.0 25.0 22.0 19.0 17.0 12.0 12.0 11.0 10.0 10.0 10.0 11.0 11.0 11.0 11.0 11.0 12.0 14.0 15.0 15.0 15.0 15.0 15.0 14.0 14.0 15.0 16.0 17.0 21.0 23.0 25.0 27.0 30.0 28.0 30.0 31.0 31.0 30.0 28.0 25.0 24.0 23.0 23.0 23.0 24.0 26.0 27.0 28.0 28.0 27.0 25.0 25.0 25.0 26.0 25.0 24.0 23.0 23.0 24.0 24.0 24.0 28.0 28.0 30.0 28.0 25.0 22.0 17.0 16.0 16.0 16.0 18.0 26.0 31.0 33.0
32.0 32.0 33.0 33.0 33.0 33.0 33.0 34.0 35.0 35.0 35.0 35.0 32.0 27.0 22.0 19.0 16.0 11.0 11.0 9.0 9.0 8.0 9.0 10.0 11.0 11.0 11.0 12.0 13.0 14.0 15.0 16.0 16.0 16.0 15.0 15.0 15.0 15.0 16.0 18.0 21.0 23.0 24.0 26.0 26.0 28.0 30.0 28.0 28.0 27.0 26.0 23.0 22.0 22.0 22.0 22.0 23.0 24.0 25.0 26.0 26.0 26.0 26.0 23.0 23.0 24.0 23.0 22.0 22.0 22.0 22.0 22.0 23.0 26.0 27.0 27.0 27.0 25.0 21.0 17.0 17.0 14.0 13.0 15.0 22.0 26.0 32.0
34.0 33.0 32.0 32.0 33.0 33.0 34.0 35.0 35.0 37.0 38.0 38.0 35.0 30.0 24.0 19.0 15.0 15.0 10.0 8.0 7.0 7.0 8.0 10.0 11.0 11.0 11.0 12.0 13.0 15.0 16.0 17.0 17.0 16.0 16.0 16.0 16.0 16.0 18.0 19.0 22.0 23.0 24.0 25.0 25.0 27.0 28.0 28.0 28.0 27.0 24.0 23.0 22.0 22.0 22.0 21.0 21.0 22.0 23.0 23.0 24.0 24.0 24.0 22.0 23.0 23.0 22.0 21.0 20.0 20.0 20.0 20.0 21.0 23.0 24.0 24.0 24.0 23.0 21.0 18.0 18.0 15.0 15.0 15.0 17.0 22.0 31.0
38.0 35.0 32.0 32.0 33.0 33.0 36.0 38.0 38.0 39.0 40.0 40.0 36.0 31.0 23.0 19.0 14.0 14.0 9.0 8.0 8.0 8.0 9.0 10.0 11.0 12.0 12.0 13.0 13.0 14.0 15.0 16.0 16.0 17.0 17.0 17.0 17.0 19.0 20.0 21.0 22.0 23.0 23.0 24.0 24.0 25.0 25.0 25.0 25.0 24.0 24.0 23.0 23.0 23.0 23.0 22.0 22.0 22.0 23.0 23.0 24.0 24.0 24.0 22.0 22.0 23.0 22.0 21.0 20.0 21.0 21.0 21.0 21.0 22.0 23.0 23.0 22.0 21.0 19.0 17.0 17.0 17.0 16.0 16.0 15.0 20.0 28.0
40.0 37.0 34.0 33.0 33.0 33.0 36.0 37.0 37.0 39.0 39.0 38.0 35.0 28.0 22.0 18.0 14.0 14.0 9.0 9.0 9.0 9.0 9.0 10.0 11.0 12.0 12.0 12.0 12.0 13.0 14.0 15.0 16.0 16.0 17.0 17.0 18.0 20.0 21.0 22.0 22.0 22.0 21.0 22.0 22.0 23.0 24.0 24.0 24.0 23.0 23.0 23.0 23.0 23.0 24.0 23.0 22.0 23.0 23.0 24.0 24.0 23.0 23.0 22.0 22.0 22.0 22.0 21.0 21.0 22.0 23.0 23.0 23.0 23.0 23.0 22.0 21.0 19.0 18.0 16.0 16.0 15.0 16.0 16.0 15.0 18.0 24.0
41.0 39.0 36.0 35.0 34.0 34.0 35.0 36.0 36.0 37.0 36.0 35.0 31.0 25.0 20.0 16.0 13.0 13.0 11.0 10.0 10.0 10.0 10.0 10.0 10.0 11.0 11.0 11.0 10.0 11.0 12.0 13.0 14.0 16.0 17.0 17.0 19.0 20.0 21.0 22.0 21.0 21.0 19.0 20.0 20.0 21.0 22.0 22.0 23.0 23.0 23.0 24.0 24.0 24.0 24.0 23.0 22.0 22.0 23.0 23.0 23.0 23.0 23.0 21.0 21.0 22.0 22.0 21.0 21.0 22.0 22.0 22.0 22.0 22.0 21.0 20.0 19.0 18.0 16.0 15.0 15.0 14.0 15.0 15.0 15.0 16.0 18.0
41.0 39.0 38.0 36.0 35.0 34.0 34.0 35.0 35.0 35.0 34.0 31.0 26.0 22.0 18.0 15.0 13.0 13.0 12.0 12.0 11.0 10.0 10.0 9.0 9.0 10.0 10.0 10.0 9.0 9.0 10.0 11.0 12.0 14.0 17.0 17.0 18.0 20.0 21.0 21.0 20.0 19.0 17.0 18.0 18.0 19.0 20.0 21.0 22.0 23.0 23.0 24.0 24.0 24.0 23.0 22.0 22.0 22.0 23.0 23.0 23.0 22.0 22.0 20.0 20.0 21.0 21.0 20.0 19.0 19.0 19.0 19.0 20.0 19.0 18.0 17.0 16.0 16.0 15.0 15.0 15.0 14.0 14.0 15.0 15.0 15.0 15.0
42.0 40.0 38.0 36.0 35.0 34.0 33.0 33.0 33.0 33.0 31.0 28.0 24.0 19.0 16.0 13.0 13.0 12.0 13.0 12.0 12.0 11.0 10.0 9.0 8.0 8.0 9.0 8.0 7.0 7.0 8.0 9.0 11.0 13.0 13.0 15.0 17.0 19.0 20.0 20.0 18.0 16.0 15.0 15.0 15.0 17.0 18.0 20.0 22.0 23.0 23.0 23.0 23.0 22.0 22.0 21.0 21.0 21.0 22.0 23.0 23.0 23.0 20.0 19.0 19.0 19.0 19.0 19.0 17.0 16.0 16.0 16.0 17.0 17.0 15.0 13.0 13.0 14.0 15.0 15.0 15.0 15.0 14.0 14.0 14.0 14.0 14.0
43.0 42.0 40.0 38.0 36.0 34.0 33.0 32.0 32.0 31.0 28.0 25.0 22.0 18.0 15.0 12.0 12.0 11.0 13.0 13.0 12.0 11.0 10.0 8.0 7.0 7.0 8.0 7.0 6.0 5.0 6.0 7.0 9.0 12.0 12.0 14.0 16.0 17.0 18.0 18.0 15.0 14.0 13.0 13.0 13.0 15.0 17.0 19.0 21.0 22.0 22.0 22.0 22.0 21.0 20.0 19.0 19.0 19.0 20.0 21.0 21.0 21.0 20.0 19.0 16.0 17.0 18.0 18.0 17.0 15.0 15.0 15.0 16.0 15.0 13.0 12.0 13.0 14.0 15.0 15.0 16.0 16.0 14.0 13.0 13.0 13.0 13.0
43.0 43.0 41.0 39.0 36.0 34.0 32.0 32.0 32.0 30.0 28.0 25.0 22.0 18.0 14.0 12.0 12.0 11.0 13.0 13.0 12.0 11.0 10.0 8.0 7.0 7.0 6.0 6.0 5.0 4.0 4.0 6.0 8.0 10.0 10.0 12.0 14.0 15.0 16.0 16.0 13.0 12.0 11.0 11.0 12.0 14.0 16.0 18.0 20.0 21.0 21.0 20.0 20.0 19.0 18.0 17.0 16.0 16.0 17.0 18.0 19.0 19.0 18.0 17.0 16.0 17.0 18.0 18.0 17.0 15.0 15.0 14.0 15.0 15.0 13.0 12.0 13.0 14.0 15.0 15.0 16.0 16.0 15.0 14.0 14.0 12.0 12.0
42.0 43.0 42.0 40.0 37.0 34.0 31.0 31.0 31.0 30.0 28.0 25.0 24.0 20.0 16.0 12.0 12.0 10.0 12.0 12.0 12.0 11.0 10.0 8.0 6.0 6.0 5.0 4.0 3.0 2.0 2.0 4.0 6.0 9.0 9.0 11.0 13.0 14.0 14.0 14.0 12.0 11.0 10.0 10.0 11.0 13.0 15.0 17.0 19.0 20.0 20.0 18.0 18.0 16.0 15.0 14.0 13.0 13.0 14.0 15.0 16.0 16.0 16.0 15.0 14.0 14.0 16.0 18.0 17.0 15.0 15.0 14.0 14.0 13.0 13.0 13.0 14.0 15.0 16.0 16.0 16.0 15.0 14.0 14.0 13.0 12.0 10.0
42.0 43.0 42.0 40.0 37.0 33.0 28.0 28.0 28.0 28.0 28.0 27.0 24.0 20.0 16.0 12.0 12.0 10.0 10.0 11.0 12.0 11.0 10.0 8.0 6.0 6.0 4.0 3.0 2.0 1.0 1.0 3.0 6.0 8.0 8.0 10.0 12.0 13.0 13.0 13.0 11.0 10.0 10.0 10.0 11.0 12.0 14.0 17.0 18.0 19.0 19.0 16.0 16.0 14.0 12.0 11.0 10.0 11.0 11.0 12.0 13.0 13.0 13.0 12.0 12.0 13.0 15.0 17.0 17.0 15.0 15.0 13.0 11.0 11.0 13.0 14.0 15.0 16.0 15.0 15.0 14.0 14.0 14.0 14.0 12.0 11.0 9.0
42.0 43.0 42.0 40.0 36.0 32.0 27.0 27.0 27.0 28.0 28.0 27.0 24.0 20.0 16.0 12.0 12.0 8.0 9.0 10.0 11.0 11.0 10.0 8.0 5.0 5.0 3.0 1.0 0.0 -1.0 1.0 2.0 5.0 7.0 7.0 9.0 11.0 12.0 11.0 11.0 11.0 10.0 10.0 10.0 11.0 12.0 14.0 16.0 17.0 17.0 17.0 15.0 15.0 13.0 10.0 9.0 9.0 9.0 9.0 10.0 10.0 10.0 10.0 11.0 12.0 13.0 15.0 17.0 16.0 15.0 15.0 13.0 11.0 11.0 9.0 10.0 11.0 11.0 11.0 10.0 10.0 10.0 10.0 10.0 8.0 7.0 5.0
42.0 43.0 41.0 38.0 34.0 30.0 25.0 25.0 25.0 26.0 28.0 27.0 25.0 21.0 16.0 16.0 11.0 8.0 9.0 8.0 10.0 10.0 10.0 9.0 9.0 5.0 2.0 -1.0 -3.0 -2.0 0.0 3.0 5.0 5.0 7.0 9.0 9.0 9.0 8.0 9.0 10.0 10.0 10.0 10.0 11.0 12.0 13.0 14.0 15.0 15.0 14.0 14.0 12.0 10.0 9.0 8.0 8.0 9.0 9.0 9.0 9.0 8.0 8.0 9.0 10.0 12.0 14.0 15.0 15.0 15.0 14.0 12.0 9.0 7.0 9.0 10.0 6.0 6.0 6.0 7.0 8.0 8.0 8.0 7.0 6.0 6.0 5.0
40.0 39.0 36.0 31.0 26.0 22.0 22.0 20.0 21.0 22.0 24.0 23.0 21.0 17.0 13.0 13.0 8.0 5.0 6.0 8.0 10.0 10.0 10.0 9.0 9.0 6.0 2.0 -1.0 -2.0 -2.0 0.0 3.0 5.0 5.0 8.0 8.0 8.0 7.0 6.0 6.0 7.0 8.0 8.0 9.0 10.0 12.0 13.0 14.0 14.0 14.0 13.0 13.0 10.0 9.0 8.0 8.0 8.0 9.0 9.0 9.0 9.0 8.0 7.0 8.0 9.0 12.0 13.0 14.0 14.0 14.0 13.0 11.0 9.0 6.0 6.0 6.0 6.0 6.0 6.0 5.0 6.0 6.0 6.0 5.0 5.0 5.0 6.0
36.0 36.0 32.0 26.0 22.0 20.0 20.0 18.0 19.0 20.0 21.0 20.0 17.0 13.0 9.0 9.0 5.0 3.0 6.0 7.0 8.0 9.0 10.0 9.0 10.0 7.0 4.0 1.0 -1.0 -1.0 1.0 4.0 6.0 6.0 8.0 7.0 7.0 5.0 3.0 3.0 5.0 6.0 6.0 8.0 9.0 11.0 12.0 13.0 13.0 13.0 12.0 12.0 9.0 9.0 8.0 8.0 9.0 10.0 9.0 9.0 9.0 8.0 7.0 8.0 9.0 11.0 13.0 14.0 13.0 13.0 12.0 10.0 9.0 5.0 3.0 3.0 3.0 3.0 3.0 5.0 6.0 5.0 4.0 4.0 4.0 5.0 5.0
31.0 28.0 25.0 21.0 18.0 17.0 17.0 17.0 18.0 19.0 19.0 18.0 15.0 11.0 8.0 8.0 5.0 4.0 5.0 6.0 7.0 9.0 10.0 10.0 10.0 7.0 6.0 4.0 2.0 2.0 3.0 5.0 7.0 7.0 7.0 7.0 6.0 4.0 2.0 1.0 3.0 4.0 4.0 6.0 8.0 10.0 11.0 12.0 12.0 12.0 11.0 11.0 9.0 8.0 8.0 9.0 9.0 10.0 9.0 8.0 8.0 8.0 7.0 8.0 9.0 10.0 12.0 13.0 12.0 12.0 11.0 10.0 8.0 4.0 3.0 2.0 3.0 3.0 3.0 5.0 5.0 5.0 4.0 4.0 4.0 5.0 5.0
23.0 21.0 19.0 16.0 14.0 14.0 14.0 16.0 17.0 17.0 17.0 16.0 13.0 10.0 7.0 7.0 6.0 5.0 6.0 6.0 7.0 8.0 10.0 10.0 10.0 8.0 6.0 4.0 2.0 4.0 5.0 6.0 7.0 7.0 7.0 7.0 5.0 3.0 1.0 1.0 1.0 3.0 3.0 5.0 7.0 8.0 10.0 11.0 11.0 11.0 10.0 10.0 8.0 8.0 8.0 9.0 9.0 9.0 9.0 8.0 8.0 7.0 7.0 8.0 8.0 9.0 11.0 12.0 11.0 11.0 11.0 10.0 8.0 5.0 4.0 3.0 4.0 4.0 4.0 5.0 5.0 4.0 3.0 3.0 4.0 5.0 5.0
16.0 15.0 13.0 11.0 11.0 12.0 12.0 15.0 16.0 16.0 16.0 15.0 12.0 10.0 8.0 8.0 7.0 6.0 6.0 6.0 6.0 8.0 9.0 10.0 10.0 10.0 9.0 7.0 4.0 4.0 5.0 7.0 7.0 7.0 7.0 6.0 5.0 3.0 1.0 0.0 1.0 2.0 2.0 4.0 6.0 7.0 9.0 9.0 10.0 10.0 10.0 10.0 8.0 8.0 8.0 8.0 8.0 9.0 8.0 7.0 7.0 7.0 7.0 8.0 8.0 9.0 10.0 11.0 11.0 11.0 10.0 9.0 8.0 6.0 5.0 5.0 5.0 5.0 5.0 5.0 5.0 4.0 3.0 3.0 4.0 5.0 5.0
11.0 9.0 8.0 7.0 8.0 8.0 11.0 15.0 15.0 16.0 15.0 14.0 12.0 10.0 10.0 8.0 8.0 7.0 7.0 7.0 7.0 8.0 9.0 9.0 10.0 10.0 10.0 9.0 6.0 5.0 6.0 7.0 7.0 7.0 7.0 6.0 5.0 3.0 1.0 1.0 1.0 1.0 3.0 4.0 5.0 6.0 7.0 8.0 8.0 9.0 9.0 9.0 8.0 7.0 8.0 8.0 8.0 8.0 8.0 8.0 7.0 7.0 8.0 9.0 9.0 9.0 10.0 10.0 10.0 10.0 10.0 9.0 8.0 7.0 7.0 7.0 7.0 7.0 7.0 6.0 6.0 5.0 4.0 4.0 5.0 5.0 5.0
8.0 7.0 5.0 5.0 6.0 6.0 10.0 14.0 15.0 15.0 14.0 13.0 11.0 9.0 9.0 8.0 8.0 8.0 7.0 7.0 7.0 8.0 9.0 9.0 10.0 11.0 11.0 9.0 6.0 6.0 6.0 7.0 7.0 7.0 7.0 6.0 5.0 3.0 2.0 2.0 2.0 2.0 3.0 4.0 5.0 5.0 6.0 7.0 7.0 8.0 8.0 9.0 8.0 7.0 8.0 8.0 8.0 8.0 7.0 7.0 7.0 7.0 8.0 9.0 9.0 9.0 10.0 10.0 10.0 9.0 9.0 9.0 8.0 8.0 8.0 8.0 8.0 8.0 8.0 7.0 6.0 6.0 5.0 5.0 5.0 5.0 5.0
7.0 7.0 6.0 5.0 6.0 6.0 9.0 13.0 14.0 14.0 13.0 11.0 9.0 8.0 8.0 7.0 7.0 7.0 8.0 7.0 7.0 8.0 8.0 8.0 9.0 10.0 9.0 8.0 6.0 5.0 5.0 6.0 6.0 6.0 6.0 6.0 5.0 3.0 2.0 3.0 3.0 3.0 4.0 5.0 5.0 5.0 5.0 6.0 6.0 7.0 7.0 8.0 8.0 8.0 8.0 8.0 8.0 8.0 8.0 8.0 8.0 8.0 9.0 10.0 10.0 10.0 10.0 9.0 9.0 9.0 9.0 8.0 8.0 9.0 9.0 9.0 9.0 9.0 9.0 8.0 7.0 6.0 5.0 5.0 5.0 5.0 5.0
8.0 8.0 8.0 6.0 7.0 7.0 8.0 12.0 13.0 12.0 10.0 9.0 7.0 5.0 5.0 5.0 6.0 6.0 8.0 8.0 8.0 8.0 8.0 8.0 8.0 7.0 7.0 6.0 5.0 3.0 4.0 5.0 5.0 6.0 6.0 5.0 5.0 4.0 3.0 3.0 3.0 4.0 5.0 5.0 5.0 5.0 5.0 5.0 6.0 7.0 7.0 8.0 8.0 8.0 8.0 8.0 8.0 8.0 8.0 8.0 8.0 8.0 9.0 10.0 10.0 10.0 10.0 9.0 9.0 9.0 8.0 8.0 8.0 8.0 9.0 9.0 10.0 10.0 10.0 9.0 8.0 7.0 6.0 5.0 5.0 5.0 5.0
9.0 9.0 9.0 7.0 7.0 7.0 8.0 10.0 11.0 11.0 9.0 8.0 6.0 5.0 5.0 4.0 5.0 6.0 8.0 8.0 8.0 8.0 8.0 8.0 7.0 5.0 4.0 4.0 4.0 2.0 2.0 4.0 4.0 6.0 7.0 6.0 5.0 5.0 4.0 4.0 4.0 4.0 5.0 5.0 5.0 5.0 4.0 4.0 5.0 6.0 6.0 7.0 8.0 9.0 9.0 9.0 10.0 10.0 10.0 10.0 10.0 10.0 10.0 10.0 10.0 10.0 10.0 9.0 9.0 8.0 7.0 6.0 6.0 7.0 8.0 9.0 9.0 9.0 9.0 9.0 8.0 7.0 6.0 5.0 4.0 4.0 4.0
8.0 10.0 10.0 9.0 8.0 8.0 6.0 7.0 7.0 8.0 8.0 8.0 7.0 5.0 5.0 5.0 5.0 6.0 8.0 9.0 9.0 9.0 8.0 8.0 7.0 7.0 6.0 4.0 3.0 4.0 5.0 8.0 8.0 10.0 10.0 7.0 6.0 6.0 6.0 5.0 4.0 4.0 5.0 5.0 5.0 5.0 4.0 3.0 4.0 5.0 5.0 6.0 8.0 9.0 9.0 9.0 10.0 10.0 10.0 10.0 10.0 10.0 10.0 10.0 10.0 10.0 9.0 9.0 9.0 7.0 6.0 5.0 5.0 6.0 7.0 8.0 8.0 8.0 9.0 9.0 8.0 6.0 5.0 4.0 3.0 3.0 3.0
7.0 10.0 9.0 9.0 9.0 7.0 5.0 5.0 5.0 6.0 7.0 7.0 7.0 7.0 6.0 6.0 6.0 6.0 8.0 9.0 10.0 10.0 10.0 10.0 10.0 9.0 8.0 6.0 5.0 5.0 7.0 7.0 10.0 12.0 11.0 8.0 7.0 6.0 6.0 5.0 5.0 4.0 4.0 5.0 5.0 4.0 4.0 3.0 3.0 3.0 4.0 5.0 8.0 8.0 9.0 9.0 10.0 10.0 10.0 10.0 10.0 10.0 10.0 10.0 10.0 9.0 9.0 9.0 8.0 7.0 5.0 4.0 4.0 5.0 5.0 7.0 7.0 8.0 8.0 8.0 7.0 6.0 5.0 4.0 3.0 3.0 2.0
6.0 8.0 8.0 8.0 8.0 6.0 3.0 3.0 3.0 4.0 5.0 6.0 7.0 7.0 7.0 7.0 6.0 7.0 8.0 9.0 10.0 12.0 12.0 13.0 14.0 13.0 11.0 9.0 7.0 7.0 8.0 8.0 11.0 13.0 11.0 8.0 6.0 6.0 6.0 5.0 5.0 4.0 4.0 4.0 4.0 4.0 3.0 2.0 3.0 3.0 4.0 5.0 7.0 8.0 8.0 9.0 9.0 10.0 10.0 10.0 10.0 10.0 10.0 9.0 9.0 9.0 8.0 8.0 8.0 6.0 5.0 4.0 3.0 4.0 4.0 6.0 6.0 7.0 7.0 8.0 7.0 5.0 4.0 3.0 2.0 2.0 2.0
4.0 6.0 6.0 6.0 6.0 5.0 2.0 1.0 2.0 2.0 3.0 4.0 5.0 5.0 6.0 7.0 7.0 7.0 9.0 10.0 11.0 14.0 14.0 17.0 18.0 17.0 15.0 12.0 10.0 8.0 9.0 9.0 12.0 13.0 11.0 7.0 6.0 5.0 5.0 5.0 5.0 4.0 4.0 4.0 3.0 3.0 2.0 2.0 2.0 2.0 3.0 5.0 7.0 8.0 8.0 8.0 9.0 9.0 9.0 9.0 10.0 10.0 10.0 9.0 9.0 8.0 8.0 8.0 7.0 6.0 4.0 4.0 3.0 4.0 4.0 5.0 5.0 6.0 7.0 7.0 6.0 5.0 4.0 3.0 1.0 1.0 1.0
2.0 3.0 4.0 4.0 4.0 3.0 2.0 1.0 1.0 1.0 1.0 2.0 3.0 3.0 4.0 6.0 7.0 8.0 10.0 10.0 12.0 16.0 16.0 20.0 21.0 20.0 17.0 15.0 13.0 10.0 10.0 10.0 11.0 11.0 10.0 7.0 6.0 5.0 5.0 4.0 4.0 4.0 4.0 4.0 3.0 2.0 1.0 1.0 2.0 2.0 3.0 4.0 7.0 8.0 8.0 8.0 8.0 8.0 8.0 9.0 9.0 10.0 10.0 9.0 8.0 8.0 7.0 7.0 6.0 5.0 4.0 4.0 4.0 4.0 5.0 5.0 5.0 6.0 7.0 6.0 6.0 5.0 3.0 2.0 0.0 0.0 -1.0
