output2/4.txt
ncols	982
nrows	746
xllcorner	113.983674513
yllcorner	22.501509237000004
cellsize	0.00012
NODATA_value	-9999.0
[rows 228 to 265 of 746, columns 870 to 956 of 982]
28.0 31.0 34.0 34.0 34.0 34.0 32.0 30.0 25.0 24.0 24.0 25.0 28.0 28.0 32.0 36.0 40.0 41.0 40.0 31.0 26.0 24.0 24.0 22.0 23.0 24.0 25.0 26.0 27.0 27.0 25.0 25.0 23.0 22.0 21.0 20.0 20.0 20.0 21.0 22.0 22.0 23.0 25.0 25.0 25.0 25.0 26.0 27.0 27.0 27.0 26.0 25.0 24.0 22.0 21.0 21.0 21.0 22.0 20.0 21.0 22.0 23.0 23.0 22.0 22.0 22.0 22.0 22.0 23.0 24.0 25.0 25.0 25.0 23.0 20.0 20.0 20.0 20.0 20.0 21.0 22.0 23.0 24.0 25.0 25.0 25.0 24.0
28.0 31.0 23.0 26.0 26.0 27.0 28.0 28.0 27.0 25.0 24.0 25.0 25.0 25.0 26.0 26.0 27.0 28.0 31.0 24.0 21.0 20.0 20.0 20.0 21.0 22.0 24.0 26.0 28.0 30.0 28.0 28.0 26.0 24.0 23.0 23.0 22.0 22.0 22.0 22.0 22.0 22.0 23.0 24.0 24.0 24.0 25.0 26.0 27.0 27.0 27.0 26.0 24.0 21.0 20.0 19.0 19.0 20.0 20.0 21.0 22.0 22.0 23.0 23.0 23.0 23.0 24.0 24.0 25.0 26.0 27.0 27.0 26.0 24.0 20.0 20.0 20.0 20.0 21.0 22.0 23.0 24.0 25.0 25.0 25.0 24.0 23.0
18.0 21.0 23.0 26.0 26.0 26.0 28.0 30.0 28.0 26.0 25.0 25.0 25.0 25.0 24.0 22.0 22.0 23.0 24.0 20.0 19.0 19.0 19.0 20.0 21.0 22.0 23.0 25.0 27.0 28.0 28.0 28.0 27.0 25.0 24.0 24.0 23.0 23.0 22.0 22.0 22.0 22.0 22.0 23.0 23.0 24.0 25.0 26.0 27.0 27.0 27.0 25.0 24.0 20.0 18.0 17.0 18.0 19.0 19.0 20.0 22.0 22.0 22.0 22.0 23.0 23.0 24.0 24.0 26.0 27.0 28.0 28.0 26.0 25.0 21.0 21.0 20.0 21.0 22.0 23.0 24.0 25.0 26.0 26.0 26.0 23.0 22.0
14.0 17.0 20.0 23.0 23.0 26.0 28.0 31.0 30.0 28.0 27.0 27.0 25.0 25.0 23.0 20.0 18.0 18.0 19.0 18.0 18.0 19.0 19.0 19.0 20.0 21.0 23.0 24.0 26.0 27.0 27.0 27.0 27.0 27.0 25.0 24.0 24.0 23.0 23.0 22.0 22.0 22.0 22.0 23.0 23.0 24.0 25.0 26.0 26.0 26.0 26.0 25.0 23.0 19.0 18.0 17.0 17.0 18.0 18.0 20.0 21.0 22.0 22.0 22.0 23.0 22.0 22.0 23.0 25.0 27.0 28.0 28.0 26.0 25.0 22.0 21.0 21.0 22.0 23.0 24.0 26.0 26.0 26.0 26.0 26.0 22.0 20.0
11.0 14.0 18.0 22.0 22.0 26.0 30.0 31.0 30.0 28.0 30.0 30.0 27.0 27.0 24.0 20.0 18.0 17.0 17.0 16.0 17.0 17.0 18.0 19.0 20.0 21.0 22.0 23.0 24.0 24.0 24.0 26.0 27.0 28.0 26.0 25.0 24.0 24.0 23.0 23.0 22.0 22.0 22.0 23.0 23.0 24.0 25.0 26.0 26.0 26.0 26.0 25.0 23.0 19.0 18.0 17.0 17.0 17.0 18.0 20.0 21.0 21.0 22.0 22.0 22.0 22.0 22.0 23.0 25.0 26.0 27.0 27.0 26.0 25.0 22.0 22.0 22.0 23.0 24.0 26.0 27.0 27.0 27.0 27.0 26.0 22.0 20.0
9.0 12.0 16.0 16.0 21.0 26.0 31.0 33.0 32.0 31.0 30.0 30.0 32.0 30.0 26.0 22.0 18.0 16.0 15.0 17.0 17.0 17.0 18.0 19.0 20.0 21.0 22.0 22.0 22.0 22.0 22.0 25.0 27.0 28.0 27.0 26.0 26.0 25.0 24.0 24.0 23.0 22.0 23.0 24.0 24.0 25.0 26.0 27.0 27.0 27.0 26.0 25.0 24.0 20.0 18.0 17.0 17.0 17.0 17.0 19.0 20.0 21.0 21.0 21.0 21.0 21.0 21.0 23.0 25.0 26.0 26.0 26.0 25.0 24.0 23.0 23.0 23.0 24.0 25.0 27.0 28.0 28.0 27.0 27.0 25.0 21.0 19.0
8.0 11.0 15.0 15.0 20.0 26.0 31.0 34.0 34.0 34.0 33.0 32.0 32.0 30.0 26.0 23.0 19.0 17.0 16.0 18.0 18.0 18.0 19.0 19.0 20.0 21.0 22.0 22.0 22.0 21.0 21.0 24.0 27.0 28.0 28.0 28.0 27.0 26.0 25.0 25.0 23.0 22.0 23.0 24.0 26.0 26.0 27.0 28.0 28.0 28.0 27.0 26.0 25.0 21.0 18.0 18.0 17.0 17.0 18.0 19.0 20.0 20.0 20.0 20.0 19.0 20.0 20.0 22.0 24.0 26.0 26.0 26.0 25.0 24.0 24.0 23.0 23.0 25.0 26.0 27.0 27.0 27.0 25.0 25.0 24.0 20.0 18.0
9.0 11.0 14.0 14.0 19.0 25.0 31.0 34.0 36.0 36.0 35.0 34.0 34.0 32.0 27.0 23.0 19.0 18.0 18.0 20.0 21.0 21.0 21.0 21.0 21.0 22.0 22.0 23.0 23.0 22.0 22.0 24.0 27.0 28.0 28.0 28.0 28.0 27.0 25.0 25.0 23.0 22.0 23.0 24.0 26.0 28.0 28.0 28.0 28.0 28.0 28.0 27.0 26.0 21.0 19.0 18.0 18.0 18.0 19.0 20.0 20.0 20.0 19.0 19.0 19.0 20.0 20.0 22.0 23.0 25.0 25.0 25.0 25.0 24.0 24.0 24.0 24.0 25.0 26.0 26.0 26.0 26.0 24.0 24.0 22.0 19.0 18.0
11.0 12.0 14.0 14.0 18.0 23.0 28.0 33.0 37.0 38.0 38.0 36.0 36.0 33.0 28.0 24.0 20.0 18.0 18.0 20.0 22.0 22.0 22.0 22.0 22.0 23.0 23.0 24.0 24.0 23.0 23.0 24.0 26.0 28.0 30.0 30.0 28.0 27.0 25.0 25.0 23.0 22.0 23.0 25.0 26.0 28.0 30.0 30.0 30.0 30.0 28.0 27.0 26.0 22.0 20.0 19.0 18.0 18.0 19.0 20.0 20.0 20.0 19.0 19.0 19.0 20.0 20.0 21.0 23.0 24.0 24.0 24.0 24.0 24.0 24.0 24.0 25.0 26.0 26.0 25.0 25.0 24.0 22.0 22.0 20.0 18.0 17.0
13.0 13.0 15.0 15.0 18.0 21.0 25.0 30.0 36.0 38.0 38.0 36.0 36.0 33.0 28.0 24.0 21.0 19.0 20.0 22.0 22.0 22.0 23.0 23.0 24.0 24.0 25.0 26.0 25.0 24.0 24.0 25.0 27.0 28.0 30.0 30.0 28.0 27.0 25.0 25.0 23.0 22.0 23.0 24.0 26.0 28.0 28.0 30.0 30.0 30.0 28.0 27.0 26.0 22.0 20.0 19.0 19.0 19.0 19.0 20.0 20.0 20.0 19.0 19.0 19.0 19.0 20.0 22.0 23.0 24.0 24.0 24.0 24.0 24.0 24.0 25.0 25.0 26.0 26.0 25.0 24.0 23.0 23.0 21.0 19.0 17.0 17.0
14.0 15.0 16.0 16.0 17.0 19.0 22.0 26.0 34.0 37.0 37.0 34.0 34.0 31.0 27.0 23.0 21.0 20.0 20.0 23.0 23.0 23.0 23.0 23.0 25.0 25.0 26.0 27.0 27.0 27.0 26.0 26.0 27.0 28.0 28.0 30.0 28.0 27.0 27.0 26.0 24.0 22.0 23.0 24.0 25.0 27.0 28.0 28.0 28.0 28.0 28.0 27.0 25.0 21.0 19.0 19.0 19.0 19.0 19.0 20.0 20.0 20.0 19.0 19.0 19.0 19.0 20.0 22.0 22.0 23.0 24.0 24.0 24.0 24.0 25.0 25.0 25.0 25.0 25.0 25.0 24.0 22.0 22.0 20.0 18.0 17.0 17.0
15.0 16.0 16.0 16.0 17.0 18.0 20.0 24.0 33.0 35.0 35.0 35.0 32.0 28.0 25.0 22.0 20.0 20.0 20.0 23.0 23.0 24.0 24.0 25.0 25.0 25.0 26.0 27.0 27.0 27.0 26.0 26.0 26.0 27.0 27.0 27.0 27.0 26.0 26.0 25.0 23.0 22.0 22.0 23.0 24.0 25.0 26.0 26.0 26.0 26.0 25.0 24.0 23.0 20.0 19.0 19.0 19.0 19.0 19.0 19.0 19.0 19.0 19.0 18.0 19.0 19.0 20.0 21.0 22.0 22.0 23.0 23.0 23.0 23.0 23.0 24.0 25.0 26.0 26.0 24.0 23.0 22.0 22.0 20.0 18.0 17.0 17.0
15.0 16.0 16.0 17.0 17.0 17.0 18.0 22.0 27.0 30.0 28.0 28.0 26.0 23.0 21.0 19.0 19.0 19.0 20.0 22.0 22.0 22.0 23.0 24.0 26.0 27.0 27.0 27.0 27.0 26.0 26.0 26.0 26.0 26.0 26.0 26.0 26.0 26.0 26.0 24.0 22.0 22.0 22.0 23.0 24.0 24.0 25.0 25.0 25.0 25.0 24.0 23.0 22.0 20.0 19.0 19.0 19.0 19.0 19.0 19.0 19.0 19.0 19.0 18.0 19.0 19.0 20.0 21.0 21.0 22.0 22.0 22.0 21.0 21.0 22.0 23.0 24.0 26.0 26.0 25.0 24.0 22.0 22.0 20.0 18.0 17.0 16.0
13.0 15.0 15.0 16.0 16.0 16.0 17.0 19.0 25.0 26.0 26.0 26.0 24.0 21.0 20.0 19.0 19.0 19.0 19.0 21.0 21.0 21.0 22.0 23.0 25.0 26.0 27.0 26.0 26.0 26.0 26.0 26.0 26.0 25.0 25.0 25.0 24.0 25.0 25.0 23.0 22.0 21.0 22.0 23.0 23.0 24.0 24.0 24.0 24.0 24.0 23.0 23.0 22.0 20.0 20.0 20.0 20.0 19.0 20.0 20.0 19.0 19.0 18.0 18.0 18.0 18.0 19.0 20.0 21.0 21.0 21.0 20.0 19.0 19.0 19.0 21.0 24.0 26.0 26.0 26.0 25.0 23.0 23.0 20.0 18.0 17.0 16.0
12.0 14.0 14.0 15.0 15.0 15.0 15.0 17.0 22.0 23.0 23.0 23.0 22.0 21.0 19.0 19.0 18.0 19.0 19.0 20.0 20.0 20.0 21.0 22.0 24.0 25.0 26.0 25.0 25.0 25.0 25.0 26.0 26.0 25.0 24.0 24.0 23.0 23.0 23.0 22.0 22.0 22.0 22.0 23.0 23.0 23.0 23.0 23.0 23.0 23.0 23.0 23.0 22.0 21.0 21.0 21.0 21.0 20.0 20.0 20.0 19.0 18.0 18.0 17.0 18.0 18.0 19.0 20.0 21.0 21.0 20.0 19.0 18.0 17.0 18.0 20.0 23.0 26.0 27.0 27.0 26.0 23.0 23.0 20.0 18.0 16.0 15.0
12.0 14.0 14.0 14.0 14.0 14.0 14.0 16.0 19.0 21.0 21.0 21.0 21.0 20.0 20.0 19.0 19.0 19.0 19.0 19.0 19.0 19.0 19.0 20.0 22.0 24.0 25.0 24.0 25.0 25.0 25.0 25.0 25.0 25.0 24.0 24.0 23.0 22.0 22.0 22.0 22.0 22.0 22.0 23.0 23.0 23.0 22.0 22.0 22.0 22.0 22.0 22.0 23.0 23.0 22.0 22.0 22.0 21.0 20.0 20.0 19.0 18.0 17.0 17.0 17.0 18.0 19.0 20.0 20.0 20.0 19.0 18.0 16.0 16.0 16.0 19.0 22.0 25.0 27.0 27.0 26.0 26.0 23.0 20.0 18.0 16.0 15.0
13.0 14.0 14.0 14.0 14.0 13.0 14.0 15.0 17.0 18.0 18.0 19.0 20.0 20.0 20.0 21.0 21.0 20.0 20.0 20.0 19.0 18.0 18.0 19.0 21.0 23.0 23.0 24.0 24.0 24.0 24.0 25.0 25.0 24.0 24.0 23.0 22.0 22.0 22.0 22.0 22.0 22.0 22.0 23.0 23.0 22.0 22.0 22.0 21.0 21.0 21.0 22.0 23.0 23.0 23.0 23.0 22.0 21.0 20.0 20.0 19.0 18.0 17.0 17.0 17.0 19.0 19.0 19.0 20.0 19.0 18.0 17.0 15.0 15.0 14.0 18.0 21.0 25.0 27.0 27.0 25.0 25.0 22.0 19.0 17.0 15.0 16.0
14.0 14.0 14.0 14.0 13.0 13.0 13.0 14.0 16.0 17.0 17.0 18.0 19.0 20.0 22.0 23.0 23.0 23.0 22.0 22.0 18.0 17.0 16.0 17.0 20.0 22.0 22.0 23.0 23.0 23.0 23.0 24.0 24.0 24.0 24.0 23.0 22.0 22.0 22.0 22.0 22.0 22.0 23.0 23.0 23.0 22.0 22.0 21.0 20.0 20.0 20.0 21.0 23.0 23.0 23.0 23.0 22.0 21.0 20.0 20.0 19.0 18.0 17.0 18.0 18.0 18.0 19.0 19.0 19.0 19.0 18.0 17.0 15.0 15.0 14.0 17.0 21.0 26.0 28.0 28.0 26.0 26.0 23.0 20.0 18.0 17.0 18.0
15.0 15.0 15.0 14.0 13.0 12.0 12.0 13.0 15.0 16.0 16.0 18.0 20.0 23.0 25.0 26.0 26.0 25.0 23.0 23.0 18.0 17.0 16.0 16.0 18.0 20.0 21.0 22.0 22.0 22.0 22.0 24.0 24.0 24.0 24.0 23.0 23.0 23.0 23.0 23.0 23.0 23.0 23.0 23.0 23.0 22.0 22.0 20.0 19.0 19.0 19.0 21.0 22.0 23.0 23.0 23.0 22.0 21.0 20.0 20.0 19.0 18.0 18.0 18.0 18.0 18.0 19.0 19.0 19.0 19.0 18.0 17.0 15.0 15.0 15.0 17.0 21.0 26.0 30.0 31.0 28.0 28.0 25.0 22.0 20.0 20.0 20.0
16.0 16.0 15.0 14.0 13.0 13.0 13.0 13.0 15.0 18.0 18.0 20.0 22.0 25.0 28.0 30.0 30.0 28.0 25.0 25.0 19.0 17.0 15.0 16.0 17.0 19.0 20.0 22.0 22.0 22.0 22.0 23.0 24.0 24.0 24.0 24.0 25.0 25.0 24.0 24.0 24.0 24.0 23.0 23.0 23.0 22.0 22.0 20.0 19.0 18.0 19.0 20.0 22.0 23.0 22.0 22.0 21.0 20.0 20.0 20.0 19.0 19.0 18.0 18.0 18.0 18.0 19.0 19.0 19.0 18.0 18.0 17.0 17.0 17.0 16.0 18.0 23.0 27.0 31.0 34.0 33.0 33.0 30.0 25.0 24.0 24.0 24.0
17.0 17.0 15.0 14.0 14.0 14.0 13.0 14.0 16.0 18.0 18.0 21.0 24.0 26.0 30.0 32.0 32.0 30.0 26.0 26.0 20.0 18.0 16.0 15.0 17.0 19.0 20.0 22.0 22.0 22.0 22.0 23.0 24.0 24.0 25.0 25.0 26.0 26.0 26.0 26.0 25.0 25.0 24.0 24.0 23.0 22.0 22.0 20.0 19.0 19.0 19.0 20.0 22.0 23.0 22.0 22.0 20.0 19.0 19.0 19.0 19.0 20.0 20.0 19.0 19.0 19.0 19.0 19.0 18.0 18.0 18.0 19.0 20.0 20.0 21.0 23.0 27.0 33.0 37.0 40.0 40.0 40.0 38.0 36.0 35.0 37.0 35.0
16.0 16.0 16.0 16.0 16.0 17.0 17.0 16.0 17.0 19.0 19.0 22.0 25.0 28.0 30.0 31.0 31.0 28.0 27.0 27.0 21.0 19.0 17.0 17.0 18.0 20.0 22.0 24.0 24.0 24.0 24.0 23.0 23.0 24.0 24.0 25.0 27.0 27.0 30.0 28.0 27.0 27.0 27.0 26.0 25.0 23.0 23.0 21.0 20.0 19.0 19.0 21.0 22.0 23.0 22.0 22.0 20.0 19.0 19.0 19.0 19.0 20.0 20.0 20.0 20.0 20.0 20.0 19.0 18.0 17.0 19.0 21.0 21.0 22.0 23.0 25.0 30.0 34.0 38.0 41.0 41.0 42.0 41.0 39.0 39.0 40.0 39.0
15.0 15.0 16.0 16.0 17.0 18.0 18.0 17.0 17.0 17.0 19.0 21.0 24.0 26.0 27.0 28.0 28.0 27.0 27.0 25.0 21.0 19.0 18.0 18.0 19.0 21.0 24.0 24.0 26.0 26.0 25.0 23.0 23.0 23.0 23.0 24.0 24.0 27.0 28.0 28.0 28.0 28.0 28.0 27.0 25.0 25.0 23.0 22.0 21.0 20.0 20.0 21.0 22.0 23.0 22.0 21.0 20.0 18.0 18.0 19.0 19.0 20.0 20.0 20.0 20.0 20.0 20.0 19.0 18.0 17.0 20.0 22.0 22.0 24.0 26.0 26.0 31.0 35.0 39.0 41.0 41.0 43.0 42.0 41.0 42.0 42.0 41.0
15.0 14.0 15.0 16.0 17.0 18.0 19.0 18.0 18.0 18.0 19.0 21.0 22.0 23.0 24.0 25.0 25.0 25.0 25.0 24.0 21.0 20.0 19.0 19.0 20.0 22.0 26.0 26.0 30.0 30.0 27.0 24.0 23.0 22.0 22.0 23.0 23.0 25.0 26.0 27.0 27.0 27.0 28.0 27.0 26.0 26.0 25.0 23.0 22.0 21.0 20.0 21.0 22.0 22.0 22.0 21.0 19.0 18.0 18.0 18.0 19.0 20.0 20.0 20.0 20.0 20.0 20.0 19.0 18.0 19.0 21.0 23.0 23.0 26.0 28.0 28.0 31.0 34.0 37.0 39.0 39.0 41.0 41.0 41.0 41.0 41.0 42.0
15.0 13.0 14.0 14.0 16.0 18.0 19.0 19.0 19.0 19.0 20.0 21.0 23.0 23.0 23.0 23.0 23.0 23.0 23.0 23.0 21.0 20.0 20.0 20.0 20.0 23.0 28.0 28.0 32.0 31.0 30.0 25.0 22.0 21.0 21.0 21.0 21.0 22.0 23.0 24.0 25.0 26.0 27.0 27.0 27.0 27.0 26.0 24.0 23.0 21.0 21.0 21.0 22.0 22.0 22.0 21.0 19.0 18.0 18.0 18.0 18.0 19.0 20.0 20.0 20.0 20.0 19.0 19.0 18.0 19.0 21.0 24.0 24.0 28.0 31.0 28.0 31.0 33.0 35.0 37.0 37.0 38.0 38.0 38.0 39.0 39.0 40.0
13.0 13.0 14.0 14.0 15.0 17.0 19.0 19.0 21.0 21.0 23.0 24.0 24.0 24.0 22.0 21.0 21.0 21.0 21.0 21.0 21.0 20.0 20.0 20.0 21.0 24.0 28.0 28.0 32.0 32.0 31.0 25.0 22.0 21.0 21.0 20.0 20.0 20.0 21.0 22.0 23.0 24.0 26.0 26.0 26.0 26.0 26.0 25.0 23.0 22.0 21.0 21.0 22.0 21.0 21.0 20.0 19.0 18.0 18.0 18.0 18.0 19.0 19.0 19.0 20.0 19.0 19.0 19.0 18.0 20.0 22.0 25.0 25.0 28.0 31.0 30.0 30.0 31.0 32.0 34.0 34.0 35.0 34.0 34.0 35.0 36.0 37.0
12.0 11.0 12.0 13.0 15.0 17.0 18.0 20.0 23.0 23.0 25.0 25.0 24.0 23.0 21.0 19.0 19.0 19.0 19.0 19.0 20.0 20.0 21.0 21.0 21.0 23.0 27.0 27.0 30.0 32.0 32.0 26.0 23.0 22.0 21.0 20.0 20.0 19.0 19.0 20.0 21.0 22.0 24.0 24.0 25.0 25.0 25.0 25.0 24.0 22.0 21.0 21.0 21.0 20.0 20.0 20.0 19.0 18.0 18.0 18.0 18.0 19.0 19.0 19.0 20.0 19.0 18.0 18.0 18.0 20.0 22.0 25.0 25.0 28.0 30.0 28.0 28.0 30.0 30.0 31.0 31.0 32.0 31.0 31.0 31.0 32.0 33.0
12.0 11.0 11.0 13.0 14.0 16.0 18.0 20.0 24.0 24.0 26.0 25.0 22.0 20.0 18.0 16.0 16.0 17.0 17.0 18.0 20.0 20.0 21.0 21.0 21.0 22.0 24.0 24.0 27.0 30.0 31.0 26.0 24.0 22.0 21.0 20.0 20.0 19.0 19.0 20.0 20.0 21.0 22.0 23.0 24.0 24.0 25.0 25.0 24.0 23.0 22.0 21.0 20.0 19.0 19.0 19.0 19.0 18.0 18.0 18.0 19.0 19.0 19.0 19.0 20.0 19.0 18.0 18.0 19.0 20.0 22.0 22.0 25.0 27.0 28.0 27.0 27.0 27.0 28.0 28.0 30.0 30.0 28.0 27.0 26.0 26.0 27.0
12.0 11.0 11.0 12.0 14.0 15.0 18.0 20.0 20.0 24.0 26.0 23.0 19.0 17.0 15.0 14.0 15.0 15.0 16.0 18.0 20.0 20.0 20.0 20.0 20.0 21.0 21.0 21.0 23.0 26.0 28.0 26.0 24.0 23.0 22.0 22.0 21.0 20.0 20.0 20.0 20.0 20.0 21.0 23.0 23.0 24.0 25.0 25.0 24.0 23.0 22.0 21.0 20.0 20.0 19.0 19.0 19.0 19.0 19.0 19.0 19.0 19.0 19.0 19.0 19.0 19.0 18.0 18.0 19.0 20.0 21.0 21.0 23.0 24.0 26.0 26.0 26.0 26.0 27.0 27.0 27.0 27.0 26.0 25.0 23.0 23.0 24.0
14.0 13.0 13.0 13.0 14.0 15.0 17.0 19.0 19.0 25.0 25.0 23.0 19.0 14.0 13.0 13.0 14.0 14.0 16.0 17.0 19.0 20.0 20.0 20.0 20.0 19.0 19.0 19.0 20.0 23.0 25.0 25.0 25.0 24.0 23.0 23.0 22.0 22.0 21.0 21.0 20.0 20.0 22.0 23.0 23.0 24.0 24.0 24.0 23.0 22.0 21.0 20.0 20.0 20.0 19.0 19.0 19.0 19.0 19.0 19.0 19.0 19.0 19.0 19.0 19.0 19.0 19.0 19.0 19.0 20.0 21.0 20.0 21.0 22.0 24.0 25.0 25.0 25.0 26.0 26.0 27.0 26.0 24.0 22.0 21.0 21.0 21.0
20.0 19.0 17.0 15.0 15.0 15.0 16.0 19.0 19.0 23.0 23.0 20.0 17.0 14.0 13.0 13.0 14.0 14.0 15.0 16.0 19.0 20.0 20.0 20.0 19.0 18.0 18.0 17.0 17.0 20.0 22.0 25.0 25.0 25.0 24.0 24.0 23.0 23.0 23.0 22.0 21.0 20.0 22.0 23.0 23.0 24.0 24.0 24.0 23.0 22.0 21.0 20.0 20.0 20.0 19.0 20.0 20.0 20.0 19.0 19.0 19.0 19.0 19.0 19.0 20.0 20.0 20.0 20.0 19.0 19.0 20.0 20.0 21.0 18.0 21.0 22.0 24.0 25.0 25.0 25.0 25.0 25.0 24.0 23.0 22.0 21.0 19.0
25.0 24.0 21.0 18.0 16.0 15.0 16.0 18.0 18.0 19.0 19.0 17.0 14.0 12.0 12.0 13.0 14.0 14.0 14.0 15.0 19.0 19.0 20.0 19.0 18.0 17.0 17.0 15.0 15.0 16.0 17.0 23.0 25.0 25.0 25.0 25.0 25.0 24.0 23.0 23.0 22.0 21.0 21.0 22.0 22.0 23.0 23.0 23.0 22.0 21.0 20.0 19.0 18.0 18.0 19.0 19.0 19.0 18.0 18.0 17.0 16.0 17.0 17.0 18.0 21.0 26.0 27.0 26.0 23.0 21.0 19.0 19.0 18.0 18.0 21.0 22.0 23.0 24.0 25.0 25.0 25.0 26.0 26.0 25.0 25.0 23.0 19.0
30.0 28.0 26.0 23.0 20.0 18.0 19.0 21.0 21.0 19.0 17.0 15.0 14.0 13.0 13.0 13.0 13.0 13.0 14.0 15.0 19.0 18.0 18.0 19.0 18.0 17.0 17.0 15.0 15.0 15.0 17.0 22.0 24.0 25.0 25.0 25.0 25.0 24.0 23.0 22.0 21.0 20.0 20.0 21.0 21.0 21.0 22.0 22.0 22.0 21.0 19.0 18.0 18.0 18.0 18.0 18.0 17.0 16.0 16.0 15.0 15.0 15.0 15.0 17.0 21.0 30.0 32.0 31.0 27.0 23.0 20.0 20.0 18.0 18.0 20.0 22.0 23.0 24.0 26.0 26.0 27.0 28.0 30.0 30.0 30.0 25.0 21.0
30.0 28.0 26.0 24.0 21.0 20.0 21.0 23.0 23.0 20.0 18.0 16.0 14.0 13.0 13.0 13.0 14.0 14.0 14.0 15.0 18.0 18.0 18.0 17.0 17.0 16.0 16.0 15.0 14.0 15.0 16.0 21.0 23.0 24.0 25.0 25.0 24.0 23.0 22.0 22.0 21.0 19.0 19.0 19.0 19.0 20.0 21.0 21.0 20.0 20.0 19.0 18.0 18.0 18.0 17.0 16.0 15.0 14.0 13.0 13.0 13.0 13.0 13.0 16.0 20.0 32.0 35.0 34.0 33.0 28.0 28.0 24.0 21.0 20.0 21.0 22.0 23.0 24.0 24.0 26.0 31.0 33.0 35.0 35.0 35.0 28.0 23.0
26.0 26.0 25.0 23.0 22.0 21.0 22.0 22.0 24.0 21.0 19.0 17.0 16.0 14.0 14.0 13.0 13.0 13.0 14.0 15.0 16.0 16.0 16.0 17.0 17.0 17.0 13.0 13.0 13.0 14.0 16.0 20.0 22.0 23.0 23.0 23.0 23.0 22.0 21.0 20.0 19.0 18.0 17.0 17.0 17.0 18.0 20.0 21.0 20.0 20.0 20.0 19.0 19.0 19.0 17.0 15.0 14.0 13.0 12.0 11.0 11.0 11.0 12.0 15.0 19.0 32.0 36.0 38.0 37.0 34.0 34.0 30.0 26.0 24.0 22.0 22.0 22.0 24.0 24.0 27.0 31.0 33.0 39.0 40.0 40.0 32.0 25.0
24.0 24.0 23.0 23.0 22.0 22.0 22.0 22.0 23.0 21.0 19.0 18.0 17.0 15.0 14.0 13.0 13.0 13.0 13.0 13.0 14.0 14.0 14.0 14.0 14.0 14.0 13.0 13.0 12.0 13.0 15.0 20.0 21.0 22.0 22.0 22.0 21.0 20.0 19.0 18.0 17.0 17.0 15.0 15.0 15.0 17.0 19.0 21.0 21.0 21.0 21.0 21.0 21.0 20.0 16.0 14.0 13.0 12.0 11.0 10.0 10.0 10.0 11.0 13.0 17.0 30.0 36.0 39.0 39.0 37.0 37.0 34.0 32.0 30.0 24.0 22.0 22.0 23.0 23.0 27.0 33.0 37.0 39.0 40.0 40.0 35.0 27.0
22.0 22.0 21.0 21.0 21.0 21.0 21.0 21.0 21.0 20.0 19.0 18.0 17.0 15.0 14.0 14.0 14.0 13.0 12.0 12.0 11.0 11.0 11.0 11.0 11.0 11.0 11.0 11.0 12.0 13.0 15.0 18.0 20.0 21.0 21.0 21.0 20.0 19.0 18.0 17.0 16.0 15.0 13.0 13.0 13.0 16.0 19.0 21.0 22.0 23.0 23.0 22.0 22.0 21.0 17.0 14.0 12.0 11.0 10.0 10.0 10.0 10.0 11.0 13.0 15.0 27.0 34.0 38.0 41.0 41.0 41.0 39.0 37.0 35.0 25.0 23.0 20.0 21.0 21.0 28.0 35.0 40.0 43.0 44.0 44.0 35.0 27.0
20.0 20.0 19.0 19.0 19.0 19.0 19.0 19.0 19.0 17.0 17.0 17.0 16.0 16.0 15.0 14.0 14.0 13.0 12.0 11.0 8.0 8.0 8.0 8.0 8.0 8.0 9.0 10.0 11.0 12.0 14.0 18.0 20.0 21.0 21.0 21.0 19.0 18.0 17.0 16.0 15.0 13.0 11.0 11.0 11.0 15.0 19.0 22.0 25.0 26.0 26.0 25.0 25.0 23.0 18.0 15.0 13.0 12.0 11.0 11.0 11.0 11.0 12.0 13.0 15.0 25.0 32.0 36.0 40.0 42.0 42.0 41.0 41.0 40.0 26.0 23.0 19.0 20.0 20.0 27.0 36.0 42.0 46.0 48.0 48.0 38.0 28.0
