module/lisflood/temp/results/res-0002.wd
ncols         76
nrows         48
xllcorner     422950.000000
yllcorner     197600.000000
cellsize      50.000000
NODATA_value  -9999.000000
[rows 0 to 34 of 48, columns 0 to 75 of 76]
0.047 0.076 0.084 0.087 0.095 0.093 0.103 0.109 0.104 0.108 0.114 0.129 0.179 0.093 0.099 0.111 0.126 0.144 0.142 0.112 0.124 0.135 0.144 0.152 0.157 0.167 0.171 0.194 0.213 0.215 0.210 0.240 0.265 0.287 0.314 0.360 0.434 0.519 0.747 0.812 0.796 0.885 0.863 0.885 0.914 0.921 0.937 0.956 0.971 0.961 0.952 0.948 0.954 0.970 0.980 0.997 1.012 1.003 0.993 0.984 0.976 0.965 1.005 1.142 1.142 1.150 1.168 1.231 1.429 1.396 1.473 1.549 1.613 1.774 1.936 2.099
0.056 0.102 0.116 0.127 0.143 0.131 0.129 0.138 0.158 0.170 0.184 0.206 0.256 0.150 0.139 0.141 0.151 0.171 0.198 0.187 0.153 0.163 0.173 0.183 0.191 0.193 0.200 0.199 0.223 0.245 0.247 0.235 0.268 0.300 0.335 0.391 0.473 0.577 0.687 0.879 0.936 0.928 0.961 0.979 1.001 1.012 1.022 1.043 1.055 1.042 1.030 1.021 1.019 1.034 1.047 1.048 1.082 1.068 1.054 1.041 1.028 1.017 1.006 1.156 1.281 1.211 1.241 1.261 1.511 1.533 1.555 1.611 1.448 1.724 1.637 1.917
0.059 0.118 0.136 0.152 0.180 0.170 0.158 0.155 0.163 0.181 0.200 0.224 0.264 0.198 0.215 0.173 0.173 0.185 0.211 0.241 0.219 0.185 0.193 0.203 0.213 0.219 0.221 0.225 0.222 0.249 0.275 0.274 0.259 0.300 0.347 0.413 0.510 0.623 0.741 0.857 1.012 1.058 1.061 1.071 1.095 1.105 1.104 1.124 1.141 1.125 1.109 1.095 1.085 1.084 1.115 1.100 1.084 1.151 1.200 1.205 1.201 1.196 1.281 1.274 1.309 1.421 1.316 1.329 1.594 1.526 1.495 1.494 1.611 1.349 1.456 1.649
0.060 0.128 0.150 0.172 0.205 0.203 0.193 0.181 0.176 0.181 0.201 0.227 0.259 0.233 0.250 0.239 0.201 0.204 0.217 0.246 0.279 0.245 0.212 0.218 0.227 0.237 0.242 0.242 0.245 0.242 0.275 0.304 0.303 0.288 0.345 0.429 0.539 0.671 0.817 0.921 1.026 1.143 1.162 1.161 1.182 1.199 1.188 1.188 1.228 1.208 1.189 1.170 1.153 1.135 1.119 1.212 1.187 1.247 1.301 1.296 1.358 1.361 1.361 1.393 1.479 1.463 1.563 1.377 1.679 1.578 1.478 1.379 1.376 1.374 1.469 1.598
0.061 0.136 0.160 0.190 0.230 0.227 0.224 0.214 0.203 0.213 0.200 0.219 0.242 0.259 0.280 0.313 0.268 0.232 0.234 0.247 0.279 0.312 0.268 0.236 0.239 0.247 0.256 0.261 0.259 0.264 0.262 0.304 0.340 0.339 0.371 0.465 0.595 0.736 0.872 1.011 1.099 1.197 1.264 1.252 1.252 1.294 1.273 1.253 1.232 1.212 1.193 1.344 1.360 1.289 1.267 1.323 1.399 1.473 1.512 1.393 1.451 1.509 1.517 1.514 1.587 1.659 1.619 1.704 1.607 1.511 1.376 1.459 1.337 1.389 1.387 1.505
0.061 0.143 0.170 0.198 0.244 0.252 0.248 0.246 0.227 0.238 0.225 0.211 0.270 0.289 0.318 0.303 0.337 0.298 0.263 0.264 0.275 0.309 0.344 0.288 0.258 0.259 0.265 0.273 0.278 0.276 0.285 0.288 0.339 0.384 0.388 0.483 0.632 0.798 0.968 1.082 1.205 1.237 1.367 1.345 1.323 1.301 1.496 1.475 1.504 1.523 1.504 1.587 1.498 1.445 1.413 1.418 1.465 1.538 1.610 1.575 1.550 1.607 1.659 1.635 1.647 1.714 1.780 1.778 1.772 1.505 1.382 1.368 1.278 1.351 1.533 1.737
0.061 0.149 0.178 0.211 0.252 0.267 0.274 0.273 0.249 0.260 0.245 0.235 0.219 0.330 0.357 0.397 0.331 0.366 0.326 0.292 0.292 0.301 0.338 0.375 0.305 0.276 0.278 0.280 0.290 0.297 0.299 0.318 0.320 0.382 0.446 0.535 0.644 0.829 1.010 1.200 1.090 1.399 1.376 1.466 1.280 1.095 1.397 1.698 1.835 1.672 1.815 1.400 1.671 1.601 1.587 1.512 1.557 1.593 1.665 1.735 1.651 1.709 1.762 1.758 1.687 1.618 1.724 1.522 1.938 1.652 1.550 1.460 1.673 1.779 2.144 2.197
0.061 0.155 0.184 0.221 0.266 0.275 0.290 0.301 0.267 0.275 0.256 0.250 0.245 0.224 0.404 0.453 0.492 0.355 0.383 0.348 0.318 0.319 0.321 0.361 0.400 0.322 0.292 0.295 0.299 0.313 0.326 0.339 0.357 0.352 0.439 0.557 0.734 0.834 1.033 1.233 1.433 1.409 1.298 1.410 1.522 1.437 1.207 1.821 1.164 1.822 1.667 1.669 1.603 1.758 1.659 1.591 1.648 1.541 1.572 1.669 1.763 1.809 1.867 1.881 1.755 1.662 1.569 1.477 1.265 1.476 1.913 1.857 1.929 2.056 2.076 2.205
0.060 0.161 0.190 0.228 0.276 0.290 0.301 0.319 0.281 0.283 0.331 0.267 0.265 0.256 0.240 0.273 0.321 0.353 0.379 0.396 0.368 0.343 0.344 0.341 0.385 0.427 0.337 0.354 0.326 0.332 0.415 0.365 0.362 0.380 0.386 0.536 0.739 0.951 0.801 0.809 0.919 1.020 1.194 1.712 1.469 1.811 1.664 1.486 1.486 1.653 1.519 1.552 1.649 1.808 1.739 1.642 1.560 1.518 1.480 1.575 1.705 1.832 1.969 2.006 1.896 1.731 1.784 1.679 1.522 1.496 1.869 2.091 2.261 2.291 2.311 2.095
0.060 0.167 0.195 0.240 0.290 0.301 0.317 0.330 0.295 0.293 0.344 0.349 0.283 0.281 0.268 0.288 0.295 0.333 0.367 0.392 0.410 0.389 0.371 0.372 0.365 0.416 0.466 0.363 0.441 0.379 0.514 0.452 0.391 0.372 0.358 0.492 0.542 0.704 0.617 0.707 0.745 0.938 0.998 0.973 1.397 0.738 1.299 1.558 1.610 1.579 1.549 1.644 1.668 1.702 1.727 1.752 1.602 1.441 1.389 1.506 1.620 1.790 1.500 2.131 1.895 1.617 1.685 1.495 1.522 1.591 1.943 2.144 2.152 2.193 2.040 2.050
0.060 0.174 0.200 0.256 0.315 0.318 0.331 0.349 0.308 0.304 0.361 0.373 0.305 0.306 0.296 0.303 0.295 0.309 0.347 0.383 0.408 0.430 0.418 0.406 0.419 0.402 0.463 0.523 0.488 0.565 0.622 0.304 0.453 0.204 0.392 0.485 0.483 0.565 0.654 0.738 0.822 0.796 0.865 1.038 1.337 1.151 1.603 1.580 1.496 1.413 1.361 1.248 1.178 1.983 2.070 2.054 1.831 2.024 1.961 2.002 1.861 1.913 1.893 1.170 1.302 1.250 1.318 1.602 1.564 1.548 1.620 2.047 2.055 2.075 2.084 1.975
0.060 0.185 0.209 0.269 0.341 0.349 0.340 0.368 0.323 0.318 0.386 0.394 0.326 0.330 0.324 0.315 0.358 0.311 0.323 0.361 0.403 0.436 0.466 0.465 0.458 0.488 0.461 0.536 0.615 0.643 0.707 0.567 0.088 0.408 0.523 0.298 0.591 0.847 0.883 0.814 0.839 0.875 1.015 1.156 1.027 1.565 1.438 1.206 1.356 1.361 1.383 1.566 1.303 1.556 1.883 1.888 1.800 1.712 2.134 1.948 1.116 1.332 1.547 1.591 1.615 1.305 1.298 1.571 1.598 1.636 1.718 1.865 1.938 1.687 1.853 2.019
0.060 0.211 0.230 0.289 0.361 0.382 0.353 0.383 0.343 0.339 0.345 0.411 0.344 0.354 0.353 0.331 0.326 0.362 0.328 0.396 0.438 0.481 0.494 0.530 0.534 0.549 0.581 0.540 0.624 0.714 0.807 0.840 0.959 0.151 0.673 0.727 0.552 0.602 0.862 0.624 0.783 0.651 1.061 0.993 1.509 1.359 1.565 1.291 1.332 1.133 1.352 1.364 1.773 1.745 1.770 1.744 1.728 1.297 1.337 1.442 1.506 1.570 1.453 1.410 1.466 1.274 1.267 1.120 1.222 1.449 1.677 2.169 1.902 1.636 1.914 2.353
0.063 0.289 0.270 0.312 0.379 0.409 0.372 0.402 0.366 0.359 0.354 0.380 0.433 0.383 0.385 0.446 0.341 0.387 0.383 0.455 0.492 0.543 0.598 0.581 0.615 0.623 0.654 0.652 0.629 0.609 0.674 0.598 0.965 1.126 0.625 0.809 1.192 1.068 0.823 0.832 0.728 1.147 0.712 1.446 1.545 1.582 1.755 1.514 1.188 1.449 1.459 1.429 1.546 1.653 1.772 1.589 1.678 0.882 1.360 1.337 1.368 1.411 1.379 1.338 1.523 1.645 1.584 1.431 1.776 1.512 1.917 1.644 1.781 1.909 2.059 2.187
0.071 0.062 0.276 0.341 0.402 0.432 0.397 0.428 0.397 0.385 0.370 0.399 0.429 0.426 0.434 0.497 0.563 0.377 0.467 0.539 0.567 0.622 0.664 0.703 0.677 0.698 0.732 0.765 0.621 0.799 0.608 0.390 0.532 0.681 0.964 1.238 1.214 1.288 1.022 0.955 0.903 1.216 1.385 1.263 1.445 1.659 1.624 1.777 1.557 1.576 1.555 1.547 1.642 1.624 1.536 1.686 1.755 1.803 1.418 1.372 1.383 1.210 1.281 1.364 1.657 1.736 1.609 1.743 1.611 1.668 1.771 1.703 2.067 2.054 2.203 2.656
0.073 0.093 0.319 0.395 0.457 0.469 0.436 0.467 0.439 0.422 0.399 0.433 0.471 0.485 0.505 0.576 0.644 0.433 0.512 0.595 0.650 0.705 0.678 0.713 0.745 0.775 0.773 0.713 1.278 0.826 0.946 0.981 0.727 1.034 0.868 1.069 1.026 1.120 1.077 0.870 1.108 0.921 0.922 1.164 1.325 1.288 1.607 1.635 1.790 1.768 1.851 1.905 1.865 1.920 1.737 1.752 1.686 1.506 1.379 1.421 1.247 1.075 1.184 1.536 1.889 1.762 1.993 1.868 1.700 1.792 1.863 1.968 2.105 2.578 2.673 2.587
0.072 0.134 0.397 0.480 0.544 0.542 0.495 0.524 0.499 0.477 0.445 0.488 0.536 0.582 0.596 0.680 0.740 0.499 0.603 0.660 0.733 0.790 0.743 0.648 0.550 0.689 0.636 0.849 1.051 0.699 0.792 0.840 0.980 1.033 0.922 1.075 1.032 0.982 0.923 0.867 0.927 1.104 1.282 1.618 1.491 1.595 1.414 1.343 1.408 1.168 1.345 1.471 1.515 2.154 2.169 2.174 2.056 1.969 1.794 1.620 1.307 1.415 1.719 1.731 1.987 2.244 1.741 2.091 2.484 2.479 2.572 2.503 2.577 2.683 2.735 2.681
0.074 0.246 0.493 0.359 0.460 0.637 0.577 0.598 0.576 0.547 0.508 0.562 0.620 0.672 0.694 0.718 0.796 0.571 0.704 0.791 0.811 0.917 0.736 0.780 0.748 0.693 0.753 0.801 0.973 1.090 0.736 0.902 1.003 1.103 1.027 0.942 1.318 1.040 0.846 1.384 1.173 1.037 1.215 1.405 1.658 1.110 0.897 1.426 1.663 1.214 1.188 1.048 1.207 1.680 2.154 2.211 1.905 1.850 1.606 1.557 1.626 1.756 1.541 1.857 1.968 1.668 1.751 1.699 1.796 1.972 2.069 2.258 2.469 2.682 2.590 2.646
0.083 0.415 0.601 0.332 0.460 0.476 0.421 0.676 0.666 0.632 0.584 0.648 0.711 0.764 0.794 0.757 0.716 0.823 0.810 0.922 0.904 0.962 1.101 1.135 0.677 0.665 0.809 0.859 0.875 1.035 1.110 1.133 1.164 0.820 0.882 1.039 0.738 0.909 1.623 1.067 1.408 1.387 1.971 1.285 1.372 0.855 0.934 1.128 0.917 0.906 1.167 0.887 1.192 1.790 2.037 1.678 1.717 1.830 1.809 1.865 1.900 1.800 1.791 1.669 1.650 1.710 1.749 1.832 2.053 2.048 2.089 2.379 2.715 2.590 2.678 2.701
0.107 0.360 0.718 0.345 0.514 0.658 0.623 0.631 0.760 0.722 0.665 0.732 0.799 0.854 0.895 0.858 0.676 0.718 0.715 1.054 0.997 0.960 0.933 0.957 1.004 0.766 0.773 0.896 1.028 1.159 1.289 0.801 1.085 1.035 1.048 1.020 0.982 1.309 1.357 0.978 1.487 1.246 2.085 1.086 1.012 1.156 1.287 0.821 1.124 0.998 0.745 1.302 1.586 1.570 1.471 1.269 1.474 1.598 1.670 1.659 1.603 1.640 1.574 1.498 1.513 1.608 1.634 1.786 1.961 1.743 2.235 2.356 2.647 2.533 2.430 2.373
0.150 0.596 0.300 0.050 0.076 0.144 0.824 0.840 0.854 0.813 0.747 0.735 0.881 0.952 0.998 0.842 0.706 0.770 0.940 0.799 0.977 0.867 0.765 0.951 0.933 0.791 0.857 0.867 1.058 1.163 0.742 1.028 0.855 0.943 0.978 1.076 0.998 0.900 0.990 1.268 1.610 2.038 1.976 1.446 1.532 1.693 1.709 1.257 1.422 1.306 1.640 1.236 1.405 1.285 1.145 1.444 1.233 1.520 1.475 1.589 1.693 1.763 1.755 1.781 1.694 1.663 1.883 1.989 1.871 2.058 2.505 2.526 2.523 2.477 2.600 2.453
0.248 0.883 0.865 0.645 0.337 0.387 0.677 0.773 0.736 0.803 0.729 0.729 0.791 1.054 1.006 0.818 0.896 0.940 0.930 0.855 1.076 1.052 0.909 0.840 2.269 1.187 1.053 1.085 1.188 1.416 1.256 0.940 0.946 0.785 0.884 1.036 1.095 0.903 0.869 1.066 1.283 1.491 1.439 1.306 1.424 1.251 1.517 1.701 1.845 1.948 1.584 1.346 1.297 1.302 1.350 1.296 1.378 1.348 1.406 1.216 1.185 1.357 1.474 1.557 1.380 1.959 2.020 2.013 1.939 2.691 2.529 2.505 2.593 2.570 2.095 2.240
0.457 1.026 1.184 0.851 0.712 0.768 0.881 0.977 0.920 0.828 0.767 0.959 1.054 1.062 0.834 0.807 1.025 0.857 0.879 1.221 1.144 1.356 0.990 0.943 1.756 1.415 1.272 1.159 1.378 0.908 0.906 0.790 0.756 0.889 1.177 1.122 1.015 0.887 0.968 1.134 1.112 1.299 1.436 1.292 1.794 2.622 1.638 0.832 1.934 2.038 1.299 1.530 1.367 1.278 1.160 1.377 1.533 1.460 1.654 1.521 1.436 1.609 1.556 2.305 1.970 1.883 1.932 2.072 2.743 2.637 2.430 2.428 2.348 2.223 2.132 1.963
0.534 0.994 1.227 1.055 1.013 0.790 0.940 0.940 1.043 1.101 1.200 1.340 1.255 1.327 0.972 1.117 1.250 1.147 1.181 1.172 1.118 1.767 1.381 1.324 1.486 1.722 1.575 1.213 0.693 0.923 0.819 0.944 1.046 1.222 0.970 1.770 2.383 1.944 2.171 2.160 2.087 2.222 2.036 2.038 2.155 2.389 2.228 2.099 3.420 1.451 1.358 1.266 1.323 1.256 1.294 1.543 1.794 1.775 1.756 2.122 2.206 2.133 1.900 1.814 2.032 2.035 2.715 2.606 2.599 2.527 2.389 2.444 2.195 3.199 3.187 1.968
0.706 0.857 1.143 1.154 0.652 0.972 1.046 1.119 1.062 1.153 1.124 1.371 1.329 1.402 1.208 1.919 1.893 1.439 1.272 1.327 1.520 2.010 1.583 1.548 2.172 2.031 1.910 1.644 1.042 0.836 0.910 0.983 1.108 2.046 1.983 2.024 2.096 2.085 2.126 2.156 2.187 2.156 1.928 2.014 2.016 2.114 2.776 2.053 1.978 3.375 1.479 1.221 1.444 1.534 1.667 1.897 1.804 1.459 1.803 1.934 1.895 1.913 1.998 2.104 2.807 2.821 2.664 2.711 2.602 2.565 2.348 3.070 2.235 2.235 2.021 1.977
1.222 1.135 1.295 1.274 1.305 1.219 1.132 1.225 1.211 1.323 1.200 1.309 1.896 1.991 1.702 1.604 1.578 1.743 1.737 2.273 2.008 1.913 1.784 1.933 2.153 2.118 2.112 2.002 1.475 1.093 1.148 1.879 1.985 2.111 1.997 1.997 2.018 2.029 2.185 2.174 2.080 2.091 1.925 1.895 1.961 1.955 1.918 2.164 2.141 2.443 2.027 2.124 1.775 1.740 2.165 2.010 2.753 1.832 1.862 1.949 1.959 1.990 2.573 2.816 2.661 2.661 2.638 2.591 2.367 3.277 2.320 1.859 1.657 1.725 1.647 1.670
1.353 1.299 1.310 1.362 1.318 1.349 1.326 1.451 1.459 1.507 1.553 1.685 1.825 1.964 2.092 2.111 2.150 2.167 2.151 2.294 2.030 1.914 1.807 1.977 2.531 2.236 1.919 2.061 2.159 2.039 1.647 2.120 2.060 2.000 1.929 2.025 1.973 1.943 1.964 1.995 1.953 3.141 1.860 2.017 2.124 2.138 2.196 2.296 2.356 2.304 2.107 3.412 2.250 2.226 2.518 2.645 2.681 2.013 1.809 1.967 2.600 2.635 2.589 2.651 2.541 2.325 3.165 2.267 2.320 1.990 1.165 1.349 1.261 1.364 1.681 1.671
1.133 1.218 1.080 1.313 1.259 1.502 1.607 1.678 1.633 1.660 1.728 1.838 1.873 1.917 2.002 1.948 1.881 1.953 2.034 2.123 2.158 1.926 1.938 1.954 1.931 1.741 2.196 2.162 1.887 1.819 1.877 2.028 1.865 1.974 1.873 1.583 1.606 2.910 1.828 3.015 1.607 1.639 1.941 2.391 2.308 2.239 2.296 2.354 2.467 2.488 2.634 2.471 2.465 3.400 2.484 2.664 2.377 2.002 2.716 2.753 2.691 2.696 2.687 2.742 2.947 2.186 1.724 1.682 0.330 0.307 1.157 1.216 1.207 1.682 1.504 1.685
0.830 0.979 1.106 1.201 1.349 1.529 1.612 1.588 1.701 1.708 1.745 1.792 1.848 1.989 1.723 1.840 1.924 1.964 2.035 2.136 2.023 1.621 0.994 1.011 1.239 1.498 1.548 1.608 1.657 1.789 1.931 1.823 1.661 1.531 1.495 3.270 2.690 1.588 1.515 1.516 1.931 2.024 2.190 2.471 2.431 2.319 2.355 2.507 2.463 2.609 2.714 2.747 2.741 2.655 3.323 2.640 2.621 2.521 2.819 2.828 2.762 2.706 2.534 3.100 1.850 2.506 2.076 0.019 0.098 0.948 0.803 1.289 1.844 1.404 1.386 1.546
1.007 0.942 1.176 1.090 1.142 1.375 1.448 1.509 1.591 1.725 1.805 1.895 1.942 1.700 1.478 1.713 1.797 1.956 1.984 1.991 1.474 0.912 0.808 1.278 1.351 1.412 1.588 1.555 1.438 1.790 1.590 3.410 1.960 1.508 1.317 1.312 1.046 1.695 1.685 1.351 1.537 2.076 2.251 2.313 2.481 2.389 2.424 2.545 2.793 2.793 2.658 2.638 2.829 2.701 2.671 2.625 2.573 2.722 2.843 2.835 2.653 2.889 3.642 2.265 2.145 1.576 0.420 0.349 0.470 0.582 0.815 1.517 1.197 0.595 1.342 1.420
1.418 1.163 1.418 1.354 1.363 1.404 1.466 1.091 1.216 1.393 1.548 1.500 1.398 1.359 1.053 1.278 1.343 1.544 1.265 0.867 0.820 0.963 1.157 1.286 1.161 1.234 1.661 2.066 2.044 1.803 3.406 1.624 1.779 1.684 1.578 1.190 1.333 1.222 1.411 1.283 1.445 1.587 1.802 2.124 2.238 2.167 2.493 2.541 2.519 2.643 2.479 2.498 2.624 2.618 3.610 2.328 2.634 2.807 2.490 3.355 2.173 1.724 1.871 1.796 0.896 0.215 0.420 0.286 0.242 0.445 1.274 0.742 1.207 1.201 1.323 1.308
1.630 1.566 1.607 1.564 1.531 1.530 1.538 1.131 1.033 0.997 1.015 1.064 1.069 1.233 0.928 1.208 1.220 1.134 1.026 1.109 1.126 1.196 1.103 1.181 1.369 1.463 2.056 2.108 1.910 3.172 1.808 1.464 1.173 1.037 1.277 1.298 1.320 1.286 1.266 1.532 2.065 1.587 1.843 2.028 2.371 2.329 2.383 2.442 2.474 2.462 2.005 0.144 0.101 0.059 0.079 3.770 2.998 3.025 0.438 0.241 0.638 1.182 1.534 2.084 0.999 0.800 0.676 0.216 0.054 0.113 0.461 0.525 0.658 1.362 1.194 1.114
1.617 1.542 1.713 1.563 1.412 1.529 1.516 1.451 1.342 0.903 0.824 0.905 0.944 1.365 1.157 1.095 1.066 1.206 1.270 1.247 1.265 1.196 1.146 1.349 1.891 2.037 2.131 1.964 3.465 1.103 1.000 0.971 1.202 1.235 1.457 1.264 1.186 0.929 0.930 1.316 1.590 1.796 1.914 1.590 2.048 2.374 2.301 2.414 0.932 0.057 0.046 0.111 0.109 0.063 0.076 0.078 0.094 0.111 0.096 0.142 0.195 0.426 0.878 1.446 1.177 0.984 0.521 0.041 0.072 0.101 0.265 0.377 0.451 0.933 1.116 0.610
1.681 1.691 1.744 1.776 1.295 1.284 1.443 1.547 1.417 0.818 0.763 0.803 1.001 1.061 1.205 1.125 1.288 1.344 1.186 1.303 1.278 1.306 1.554 1.956 1.903 1.882 1.913 3.277 1.102 1.128 1.091 1.094 1.232 1.287 1.365 1.258 1.222 0.806 0.639 1.016 1.061 0.697 0.803 0.784 0.787 0.169 0.072 0.052 0.040 0.044 0.069 0.152 0.072 0.088 0.089 0.097 0.103 0.122 0.111 0.129 0.142 0.227 0.588 1.096 1.366 0.886 0.134 0.078 0.065 0.106 0.196 0.420 0.498 1.145 0.571 0.055
2.001 1.756 1.798 1.712 1.403 1.487 1.497 1.474 1.570 1.397 1.150 1.116 1.145 0.939 1.170 1.315 1.203 1.036 1.050 1.083 1.178 1.920 1.919 2.085 2.147 2.051 3.572 1.276 0.780 1.029 1.027 0.845 1.014 1.109 1.177 1.165 0.795 0.726 0.664 0.302 0.047 0.063 0.056 0.059 0.065 0.053 0.048 0.048 0.047 0.066 0.085 0.119 0.062 0.092 0.101 0.109 0.103 0.125 0.136 0.131 0.138 0.167 0.261 0.862 1.778 1.550 0.120 0.041 0.079 0.087 0.293 0.607 1.181 0.784 0.078 0.037
