module/lisflood/temp/results/res-0003.elev
ncols         76
nrows         48
xllcorner     422950.000000
yllcorner     197600.000000
cellsize      50.000000
NODATA_value  -9999.000000
[rows 0 to 31 of 48, columns 0 to 70 of 76]
75.060 74.695 74.578 74.473 74.375 74.307 74.217 74.131 74.047 73.949 73.864 73.802 73.769 73.745 73.707 73.677 73.653 73.635 73.621 73.607 73.591 73.575 73.558 73.541 73.524 73.507 73.489 73.472 73.455 73.438 73.420 73.403 73.386 73.370 73.353 73.336 73.320 73.304 73.288 73.273 73.258 73.243 73.228 73.214 73.200 73.186 73.173 73.160 73.148 73.136 73.125 73.114 73.103 73.093 73.083 73.074 73.065 73.056 73.048 73.041 73.034 73.027 73.021 73.015 73.010 73.005 73.001 72.997 72.994 72.991 72.988
74.941 74.586 74.483 74.382 74.296 74.246 74.181 74.097 74.004 73.920 73.848 73.795 73.765 73.740 73.707 73.680 73.656 73.638 73.623 73.608 73.592 73.575 73.559 73.542 73.524 73.507 73.490 73.473 73.455 73.438 73.421 73.404 73.387 73.370 73.354 73.337 73.321 73.305 73.289 73.274 73.258 73.244 73.229 73.215 73.201 73.187 73.174 73.161 73.149 73.137 73.126 73.114 73.104 73.094 73.084 73.075 73.066 73.057 73.049 73.042 73.035 73.028 73.022 73.016 73.011 73.006 73.002 72.998 72.995 72.992 72.989
74.814 74.464 74.374 74.282 74.204 74.159 74.111 74.050 73.976 73.900 73.836 73.789 73.759 73.736 73.707 73.685 73.661 73.643 73.627 73.610 73.594 73.577 73.560 73.543 73.526 73.508 73.491 73.474 73.456 73.439 73.422 73.405 73.388 73.371 73.355 73.339 73.322 73.306 73.291 73.275 73.260 73.245 73.231 73.216 73.202 73.189 73.176 73.163 73.151 73.139 73.127 73.116 73.106 73.095 73.086 73.076 73.068 73.059 73.051 73.044 73.037 73.030 73.024 73.019 73.013 73.009 73.004 73.001 72.997 72.994 72.992
74.684 74.337 74.258 74.176 74.109 74.068 74.027 73.983 73.931 73.874 73.823 73.784 73.755 73.732 73.708 73.688 73.667 73.648 73.630 73.613 73.596 73.579 73.562 73.545 73.527 73.510 73.493 73.475 73.458 73.441 73.424 73.407 73.390 73.373 73.357 73.341 73.324 73.308 73.293 73.277 73.262 73.247 73.233 73.219 73.205 73.191 73.178 73.166 73.153 73.141 73.130 73.119 73.108 73.098 73.089 73.079 73.071 73.062 73.055 73.047 73.040 73.034 73.028 73.022 73.017 73.012 73.008 73.004 73.001 72.998 72.995
74.553 74.208 74.140 74.071 74.018 73.986 73.951 73.917 73.882 73.843 73.812 73.779 73.752 73.731 73.711 73.691 73.671 73.652 73.634 73.616 73.599 73.581 73.564 73.547 73.529 73.512 73.495 73.478 73.460 73.443 73.426 73.409 73.393 73.376 73.360 73.343 73.327 73.311 73.296 73.280 73.265 73.250 73.236 73.222 73.208 73.195 73.182 73.169 73.157 73.145 73.134 73.123 73.112 73.102 73.093 73.083 73.075 73.066 73.059 73.051 73.044 73.038 73.032 73.027 73.021 73.017 73.013 73.009 73.005 73.002 73.000
74.422 74.081 74.030 73.983 73.945 73.921 73.899 73.875 73.852 73.826 73.803 73.777 73.752 73.732 73.713 73.693 73.674 73.655 73.637 73.619 73.601 73.584 73.567 73.549 73.532 73.515 73.498 73.480 73.463 73.446 73.429 73.412 73.396 73.379 73.363 73.347 73.331 73.315 73.299 73.284 73.269 73.254 73.240 73.226 73.212 73.199 73.186 73.173 73.161 73.149 73.138 73.127 73.117 73.107 73.097 73.088 73.080 73.072 73.064 73.057 73.050 73.043 73.038 73.032 73.027 73.022 73.018 73.015 73.011 73.008 73.006
74.292 73.970 73.941 73.916 73.898 73.884 73.870 73.855 73.838 73.817 73.797 73.775 73.753 73.733 73.714 73.695 73.676 73.658 73.640 73.622 73.604 73.587 73.569 73.552 73.535 73.518 73.501 73.484 73.467 73.450 73.433 73.416 73.400 73.383 73.367 73.351 73.335 73.319 73.304 73.288 73.274 73.259 73.245 73.231 73.217 73.204 73.191 73.178 73.166 73.155 73.144 73.133 73.122 73.113 73.103 73.094 73.086 73.078 73.070 73.063 73.056 73.050 73.044 73.039 73.034 73.029 73.025 73.022 73.018 73.015 73.013
74.163 73.899 73.890 73.882 73.875 73.867 73.856 73.843 73.827 73.810 73.791 73.772 73.753 73.734 73.715 73.696 73.678 73.660 73.642 73.625 73.607 73.590 73.573 73.555 73.538 73.521 73.504 73.487 73.470 73.454 73.437 73.420 73.404 73.388 73.371 73.355 73.340 73.324 73.309 73.294 73.279 73.264 73.250 73.236 73.223 73.210 73.197 73.184 73.172 73.161 73.150 73.139 73.129 73.119 73.110 73.101 73.093 73.085 73.077 73.070 73.064 73.058 73.052 73.047 73.042 73.037 73.033 73.030 73.027 73.024 73.021
74.039 73.872 73.869 73.866 73.862 73.854 73.844 73.832 73.819 73.803 73.786 73.769 73.751 73.733 73.715 73.697 73.680 73.662 73.645 73.627 73.610 73.593 73.576 73.559 73.542 73.525 73.508 73.491 73.475 73.458 73.442 73.425 73.409 73.393 73.377 73.361 73.345 73.330 73.315 73.300 73.285 73.270 73.256 73.243 73.229 73.216 73.203 73.191 73.179 73.168 73.157 73.146 73.136 73.127 73.118 73.109 73.101 73.093 73.086 73.079 73.072 73.066 73.061 73.056 73.051 73.047 73.043 73.039 73.036 73.033 73.031
73.926 73.860 73.858 73.855 73.850 73.843 73.834 73.823 73.811 73.797 73.781 73.765 73.749 73.732 73.715 73.698 73.681 73.664 73.647 73.630 73.613 73.596 73.580 73.563 73.546 73.529 73.513 73.496 73.480 73.463 73.447 73.431 73.415 73.399 73.383 73.367 73.351 73.336 73.321 73.306 73.292 73.277 73.263 73.250 73.236 73.224 73.211 73.199 73.187 73.176 73.165 73.155 73.145 73.135 73.126 73.118 73.110 73.102 73.095 73.088 73.082 73.076 73.071 73.066 73.061 73.057 73.053 73.050 73.047 73.044 73.042
73.855 73.850 73.848 73.845 73.840 73.833 73.825 73.815 73.804 73.791 73.777 73.762 73.747 73.731 73.715 73.699 73.682 73.666 73.649 73.633 73.616 73.600 73.583 73.567 73.551 73.534 73.518 73.501 73.485 73.469 73.453 73.437 73.421 73.405 73.389 73.374 73.358 73.343 73.328 73.314 73.299 73.285 73.271 73.258 73.245 73.232 73.219 73.207 73.196 73.185 73.174 73.164 73.154 73.145 73.136 73.128 73.120 73.112 73.106 73.099 73.093 73.087 73.082 73.077 73.073 73.069 73.065 73.062 73.059 73.056 73.054
73.839 73.840 73.839 73.836 73.831 73.825 73.817 73.808 73.798 73.786 73.773 73.759 73.745 73.730 73.715 73.699 73.684 73.668 73.652 73.636 73.620 73.604 73.588 73.571 73.555 73.539 73.523 73.507 73.491 73.475 73.459 73.443 73.428 73.412 73.397 73.381 73.366 73.351 73.336 73.322 73.308 73.294 73.280 73.266 73.253 73.241 73.229 73.217 73.205 73.194 73.184 73.174 73.164 73.155 73.147 73.139 73.131 73.124 73.117 73.111 73.105 73.099 73.094 73.090 73.085 73.081 73.078 73.075 73.072 73.069 73.067
73.831 73.832 73.831 73.828 73.823 73.818 73.810 73.802 73.792 73.781 73.769 73.757 73.743 73.729 73.715 73.700 73.685 73.670 73.655 73.639 73.623 73.608 73.592 73.576 73.561 73.545 73.529 73.513 73.498 73.482 73.466 73.451 73.435 73.420 73.405 73.390 73.375 73.360 73.345 73.331 73.317 73.303 73.289 73.276 73.263 73.251 73.239 73.227 73.216 73.205 73.195 73.185 73.175 73.167 73.158 73.150 73.143 73.136 73.130 73.124 73.118 73.113 73.108 73.103 73.099 73.096 73.092 73.089 73.086 73.084 73.082
73.825 73.825 73.824 73.821 73.817 73.811 73.805 73.797 73.788 73.777 73.766 73.754 73.742 73.729 73.715 73.701 73.687 73.672 73.657 73.642 73.627 73.612 73.597 73.582 73.566 73.551 73.535 73.520 73.505 73.489 73.474 73.459 73.443 73.428 73.413 73.398 73.384 73.369 73.355 73.341 73.327 73.313 73.300 73.286 73.274 73.261 73.249 73.238 73.227 73.216 73.206 73.197 73.187 73.179 73.171 73.163 73.156 73.149 73.143 73.137 73.132 73.127 73.123 73.118 73.114 73.111 73.108 73.105 73.102 73.100 73.098
73.820 73.819 73.818 73.815 73.811 73.806 73.800 73.792 73.784 73.774 73.764 73.753 73.741 73.729 73.716 73.702 73.689 73.675 73.661 73.646 73.632 73.617 73.602 73.587 73.572 73.557 73.542 73.527 73.512 73.497 73.482 73.467 73.452 73.438 73.423 73.408 73.394 73.379 73.365 73.351 73.337 73.324 73.311 73.298 73.285 73.273 73.261 73.250 73.239 73.228 73.219 73.209 73.200 73.192 73.184 73.177 73.170 73.164 73.158 73.152 73.147 73.143 73.138 73.134 73.131 73.127 73.124 73.122 73.119 73.117 73.115
73.815 73.814 73.813 73.810 73.806 73.801 73.795 73.788 73.780 73.772 73.762 73.752 73.741 73.729 73.717 73.704 73.691 73.678 73.664 73.650 73.636 73.622 73.608 73.593 73.579 73.564 73.550 73.535 73.520 73.506 73.491 73.477 73.462 73.448 73.433 73.419 73.404 73.390 73.376 73.363 73.349 73.336 73.322 73.310 73.297 73.285 73.274 73.262 73.252 73.241 73.232 73.223 73.214 73.206 73.199 73.192 73.185 73.179 73.174 73.169 73.164 73.160 73.155 73.152 73.148 73.145 73.142 73.140 73.138 73.135 73.134
73.811 73.810 73.808 73.806 73.802 73.798 73.792 73.785 73.778 73.770 73.761 73.751 73.741 73.730 73.718 73.706 73.694 73.681 73.668 73.655 73.641 73.628 73.614 73.600 73.586 73.572 73.558 73.543 73.529 73.515 73.501 73.487 73.472 73.458 73.444 73.430 73.416 73.402 73.388 73.375 73.361 73.348 73.335 73.322 73.310 73.298 73.287 73.276 73.265 73.255 73.246 73.237 73.229 73.221 73.214 73.207 73.201 73.196 73.191 73.186 73.181 73.178 73.174 73.170 73.167 73.164 73.162 73.159 73.157 73.155 73.154
73.807 73.807 73.805 73.802 73.799 73.795 73.789 73.783 73.776 73.769 73.760 73.751 73.741 73.731 73.720 73.709 73.697 73.685 73.672 73.660 73.647 73.634 73.620 73.607 73.594 73.580 73.566 73.552 73.539 73.525 73.511 73.497 73.483 73.470 73.456 73.442 73.428 73.415 73.401 73.388 73.374 73.361 73.349 73.336 73.324 73.312 73.301 73.290 73.280 73.270 73.261 73.252 73.244 73.237 73.230 73.224 73.218 73.213 73.208 73.204 73.200 73.197 73.193 73.190 73.188 73.185 73.183 73.180 73.178 73.177 73.175
73.804 73.804 73.802 73.800 73.796 73.792 73.787 73.782 73.775 73.768 73.760 73.751 73.742 73.733 73.722 73.712 73.701 73.689 73.677 73.665 73.653 73.640 73.628 73.615 73.602 73.589 73.575 73.562 73.549 73.535 73.522 73.509 73.495 73.482 73.468 73.455 73.442 73.428 73.415 73.402 73.389 73.376 73.363 73.350 73.338 73.327 73.316 73.305 73.295 73.285 73.276 73.268 73.260 73.254 73.247 73.241 73.236 73.232 73.228 73.224 73.220 73.217 73.214 73.212 73.209 73.207 73.205 73.203 73.201 73.199 73.198
73.802 73.801 73.800 73.797 73.794 73.791 73.786 73.781 73.775 73.768 73.761 73.753 73.744 73.735 73.725 73.715 73.705 73.694 73.683 73.671 73.659 73.647 73.635 73.623 73.610 73.598 73.585 73.572 73.560 73.547 73.534 73.521 73.508 73.495 73.482 73.469 73.456 73.443 73.430 73.417 73.404 73.391 73.378 73.366 73.354 73.342 73.331 73.321 73.311 73.301 73.293 73.285 73.277 73.271 73.265 73.260 73.255 73.251 73.248 73.245 73.242 73.239 73.237 73.235 73.233 73.231 73.229 73.227 73.225 73.223 73.222
73.800 73.800 73.798 73.796 73.793 73.790 73.785 73.780 73.775 73.769 73.762 73.754 73.746 73.738 73.729 73.719 73.709 73.699 73.688 73.678 73.666 73.655 73.643 73.632 73.620 73.608 73.596 73.583 73.571 73.559 73.546 73.534 73.522 73.509 73.496 73.484 73.471 73.458 73.445 73.432 73.419 73.407 73.394 73.382 73.370 73.358 73.347 73.337 73.327 73.318 73.310 73.302 73.295 73.289 73.284 73.279 73.275 73.272 73.269 73.266 73.264 73.262 73.261 73.259 73.257 73.256 73.254 73.252 73.251 73.249 73.248
73.799 73.799 73.797 73.795 73.793 73.789 73.785 73.781 73.776 73.770 73.763 73.757 73.749 73.741 73.733 73.724 73.715 73.705 73.695 73.685 73.674 73.663 73.652 73.641 73.630 73.618 73.607 73.595 73.583 73.571 73.560 73.548 73.536 73.524 73.512 73.500 73.487 73.475 73.462 73.449 73.436 73.424 73.411 73.399 73.387 73.375 73.364 73.354 73.344 73.335 73.327 73.320 73.314 73.308 73.303 73.299 73.296 73.293 73.291 73.290 73.288 73.287 73.286 73.285 73.283 73.282 73.281 73.279 73.278 73.276 73.275
73.799 73.798 73.797 73.795 73.793 73.790 73.786 73.782 73.777 73.772 73.766 73.759 73.753 73.745 73.737 73.729 73.720 73.711 73.702 73.692 73.682 73.672 73.661 73.651 73.640 73.629 73.618 73.607 73.596 73.585 73.574 73.563 73.551 73.540 73.528 73.516 73.504 73.492 73.480 73.467 73.454 73.442 73.429 73.417 73.404 73.393 73.382 73.371 73.362 73.353 73.345 73.338 73.332 73.327 73.323 73.320 73.318 73.316 73.315 73.314 73.313 73.313 73.313 73.312 73.311 73.310 73.309 73.308 73.307 73.305 73.303
73.799 73.798 73.797 73.796 73.793 73.791 73.787 73.783 73.779 73.774 73.769 73.763 73.757 73.750 73.742 73.735 73.727 73.718 73.709 73.700 73.691 73.681 73.671 73.661 73.651 73.641 73.631 73.620 73.610 73.599 73.589 73.578 73.567 73.557 73.546 73.534 73.523 73.511 73.499 73.486 73.473 73.461 73.448 73.435 73.423 73.411 73.400 73.390 73.380 73.371 73.364 73.357 73.352 73.347 73.344 73.342 73.340 73.340 73.339 73.340 73.340 73.341 73.341 73.341 73.341 73.341 73.340 73.338 73.337 73.335 73.334
73.800 73.799 73.798 73.797 73.795 73.792 73.789 73.786 73.782 73.777 73.772 73.767 73.761 73.755 73.748 73.741 73.734 73.726 73.718 73.709 73.700 73.691 73.682 73.673 73.663 73.653 73.643 73.634 73.624 73.614 73.604 73.595 73.585 73.575 73.564 73.554 73.543 73.531 73.519 73.507 73.494 73.481 73.468 73.455 73.442 73.430 73.419 73.408 73.399 73.390 73.383 73.376 73.372 73.368 73.365 73.364 73.364 73.364 73.365 73.367 73.369 73.370 73.371 73.372 73.373 73.373 73.372 73.371 73.369 73.368 73.366
73.801 73.800 73.799 73.798 73.796 73.794 73.791 73.788 73.785 73.781 73.776 73.772 73.766 73.761 73.755 73.748 73.741 73.734 73.727 73.719 73.710 73.702 73.693 73.684 73.675 73.666 73.657 73.648 73.639 73.630 73.621 73.612 73.603 73.594 73.584 73.574 73.564 73.553 73.541 73.529 73.515 73.502 73.488 73.475 73.462 73.449 73.438 73.427 73.417 73.409 73.402 73.396 73.391 73.388 73.387 73.387 73.387 73.389 73.392 73.395 73.398 73.401 73.404 73.406 73.407 73.407 73.406 73.405 73.403 73.401 73.399
73.802 73.802 73.801 73.800 73.799 73.797 73.794 73.792 73.788 73.785 73.781 73.777 73.772 73.767 73.762 73.756 73.750 73.743 73.736 73.729 73.721 73.713 73.705 73.697 73.688 73.680 73.671 73.663 73.655 73.646 73.638 73.630 73.622 73.614 73.605 73.596 73.587 73.576 73.565 73.552 73.539 73.525 73.510 73.496 73.482 73.469 73.457 73.446 73.436 73.428 73.421 73.415 73.411 73.409 73.408 73.409 73.412 73.416 73.420 73.425 73.430 73.435 73.438 73.441 73.443 73.443 73.443 73.442 73.440 73.437 73.434
73.805 73.804 73.804 73.803 73.801 73.800 73.798 73.795 73.793 73.790 73.786 73.783 73.779 73.774 73.769 73.764 73.759 73.753 73.746 73.740 73.732 73.725 73.717 73.710 73.702 73.694 73.686 73.678 73.671 73.663 73.656 73.649 73.642 73.635 73.628 73.620 73.611 73.602 73.590 73.578 73.564 73.549 73.533 73.518 73.503 73.489 73.477 73.465 73.455 73.447 73.440 73.435 73.431 73.429 73.430 73.432 73.437 73.442 73.449 73.457 73.464 73.470 73.476 73.479 73.482 73.483 73.482 73.480 73.478 73.475 73.471
73.807 73.807 73.806 73.805 73.804 73.803 73.801 73.800 73.797 73.795 73.792 73.789 73.786 73.782 73.778 73.773 73.768 73.763 73.757 73.751 73.745 73.738 73.731 73.723 73.716 73.708 73.701 73.694 73.687 73.681 73.675 73.669 73.663 73.657 73.651 73.645 73.638 73.630 73.619 73.606 73.590 73.574 73.557 73.541 73.525 73.510 73.496 73.484 73.474 73.465 73.458 73.454 73.450 73.449 73.451 73.455 73.461 73.470 73.480 73.490 73.500 73.509 73.516 73.521 73.524 73.525 73.524 73.522 73.518 73.514 73.510
73.810 73.810 73.809 73.809 73.808 73.807 73.806 73.804 73.803 73.801 73.798 73.796 73.793 73.790 73.787 73.783 73.779 73.774 73.769 73.763 73.757 73.751 73.744 73.737 73.730 73.724 73.717 73.711 73.705 73.699 73.694 73.689 73.685 73.681 73.677 73.673 73.668 73.661 73.651 73.637 73.620 73.601 73.582 73.564 73.546 73.530 73.516 73.503 73.492 73.483 73.477 73.472 73.469 73.467 73.471 73.477 73.486 73.497 73.511 73.526 73.539 73.550 73.559 73.566 73.569 73.570 73.569 73.566 73.561 73.556 73.550
73.813 73.813 73.813 73.812 73.812 73.811 73.810 73.809 73.808 73.807 73.805 73.803 73.801 73.799 73.796 73.793 73.790 73.786 73.781 73.777 73.771 73.765 73.759 73.752 73.746 73.739 73.733 73.727 73.722 73.718 73.714 73.710 73.707 73.705 73.703 73.702 73.700 73.696 73.687 73.673 73.652 73.630 73.607 73.587 73.568 73.550 73.535 73.521 73.510 73.500 73.494 73.492 73.486 73.483 73.490 73.498 73.509 73.524 73.543 73.564 73.582 73.596 73.607 73.615 73.619 73.620 73.618 73.613 73.607 73.600 73.593
73.817 73.817 73.817 73.816 73.816 73.816 73.815 73.815 73.814 73.813 73.812 73.811 73.810 73.808 73.807 73.804 73.802 73.799 73.795 73.791 73.786 73.780 73.774 73.768 73.761 73.755 73.749 73.744 73.740 73.736 73.733 73.731 73.729 73.729 73.730 73.732 73.735 73.737 73.732 73.715 73.688 73.659 73.633 73.609 73.589 73.570 73.553 73.538 73.527 73.514 73.510 73.516 73.522 73.520 73.510 73.516 73.529 73.549 73.575 73.607 73.629 73.646 73.660 73.669 73.674 73.674 73.670 73.663 73.655 73.646 73.637
