module/lisflood/temp/results/res-0001.elev
ncols         76
nrows         48
xllcorner     422950.000000
yllcorner     197600.000000
cellsize      50.000000
NODATA_value  -9999.000000
[rows 0 to 31 of 48, columns 0 to 70 of 76]
75.030 74.644 74.521 74.412 74.307 74.239 74.142 74.050 73.965 73.858 73.755 73.657 73.596 73.595 73.529 73.436 73.335 73.238 73.178 73.146 73.056 72.965 72.872 72.778 72.685 72.585 72.483 72.366 72.247 72.135 72.023 71.887 71.748 71.607 71.463 71.319 71.177 71.039 70.849 70.749 70.694 70.601 70.568 70.517 70.468 70.433 70.395 70.357 70.328 70.314 70.301 70.285 70.262 70.233 70.208 70.180 70.156 70.145 70.136 70.128 70.120 70.110 70.063 69.944 69.918 69.895 69.862 69.795 69.683 69.673 69.660
74.904 74.519 74.406 74.295 74.200 74.153 74.088 73.996 73.888 73.789 73.691 73.603 73.552 73.528 73.471 73.399 73.308 73.211 73.122 73.068 73.028 72.941 72.851 72.759 72.667 72.573 72.471 72.364 72.243 72.125 72.012 71.890 71.748 71.604 71.457 71.310 71.166 71.021 70.864 70.720 70.639 70.589 70.530 70.482 70.436 70.395 70.357 70.317 70.289 70.273 70.259 70.244 70.225 70.200 70.174 70.153 70.125 70.107 70.094 70.084 70.076 70.067 70.049 69.917 69.848 69.840 69.810 69.775 69.682 69.675 69.665
74.775 74.386 74.283 74.178 74.084 74.040 73.995 73.933 73.850 73.753 73.658 73.570 73.507 73.463 73.369 73.336 73.263 73.176 73.083 72.998 72.948 72.903 72.820 72.732 72.641 72.548 72.453 72.349 72.239 72.118 71.996 71.878 71.751 71.603 71.450 71.297 71.147 71.000 70.850 70.714 70.610 70.551 70.508 70.466 70.420 70.375 70.333 70.289 70.255 70.235 70.216 70.199 70.182 70.162 70.134 70.115 70.096 70.033 69.984 69.960 69.937 69.912 69.842 69.827 69.801 69.756 69.750 69.728 69.685 69.679 69.670
74.644 74.250 74.155 74.055 73.968 73.923 73.881 73.837 73.780 73.704 73.618 73.530 73.453 73.386 73.292 73.232 73.196 73.124 73.042 72.953 72.869 72.823 72.776 72.695 72.609 72.518 72.425 72.329 72.223 72.112 71.987 71.860 71.738 71.606 71.444 71.281 71.125 70.972 70.820 70.699 70.605 70.539 70.497 70.459 70.414 70.365 70.318 70.272 70.229 70.203 70.178 70.148 70.128 70.113 70.097 70.025 70.001 69.944 69.903 69.880 69.832 69.808 69.789 69.763 69.744 69.736 69.724 69.711 69.689 69.683 69.676
74.512 74.112 74.025 73.928 73.848 73.807 73.764 73.722 73.677 73.613 73.564 73.483 73.393 73.297 73.208 73.135 73.098 73.056 72.986 72.907 72.820 72.739 72.697 72.647 72.569 72.482 72.391 72.298 72.201 72.094 71.980 71.850 71.719 71.591 71.440 71.266 71.101 70.948 70.803 70.686 70.602 70.537 70.490 70.454 70.412 70.358 70.299 70.251 70.214 70.181 70.147 70.065 70.037 70.014 69.987 69.937 69.879 69.846 69.831 69.817 69.791 69.773 69.761 69.751 69.738 69.729 69.720 69.708 69.696 69.687 69.675
74.381 73.973 73.895 73.811 73.733 73.688 73.649 73.608 73.573 73.517 73.474 73.420 73.308 73.215 73.132 73.082 73.009 72.965 72.919 72.849 72.772 72.688 72.608 72.568 72.516 72.438 72.354 72.262 72.168 72.071 71.961 71.844 71.710 71.573 71.434 71.257 71.089 70.936 70.791 70.683 70.600 70.537 70.488 70.451 70.411 70.357 70.259 70.212 70.170 70.129 70.099 70.057 70.014 69.976 69.942 69.908 69.870 69.839 69.819 69.801 69.784 69.768 69.758 69.748 69.738 69.728 69.719 69.707 69.697 69.683 69.666
74.249 73.834 73.763 73.683 73.618 73.574 73.532 73.497 73.467 73.419 73.380 73.330 73.272 73.145 73.062 73.001 72.964 72.886 72.834 72.782 72.711 72.638 72.556 72.478 72.437 72.383 72.306 72.222 72.131 72.036 71.937 71.826 71.708 71.567 71.415 71.247 71.085 70.934 70.789 70.681 70.605 70.533 70.490 70.446 70.411 70.357 70.249 70.196 70.165 70.122 70.097 70.050 69.991 69.957 69.931 69.901 69.868 69.839 69.814 69.796 69.781 69.768 69.758 69.749 69.740 69.729 69.720 69.708 69.690 69.668 69.600
74.117 73.695 73.630 73.556 73.494 73.459 73.419 73.385 73.359 73.315 73.277 73.231 73.177 73.119 73.007 72.961 72.908 72.849 72.753 72.697 72.642 72.574 72.507 72.425 72.347 72.305 72.250 72.167 72.087 71.995 71.898 71.807 71.700 71.574 71.412 71.238 71.072 70.946 70.793 70.678 70.596 70.546 70.490 70.432 70.394 70.351 70.281 70.199 70.160 70.104 70.084 70.040 69.989 69.947 69.923 69.897 69.870 69.841 69.814 69.792 69.779 69.769 69.759 69.749 69.740 69.731 69.722 69.711 69.746 69.608 69.392
73.986 73.555 73.497 73.427 73.371 73.337 73.306 73.275 73.249 73.203 73.136 73.115 73.074 73.026 72.980 72.917 72.853 72.772 72.690 72.613 72.556 72.501 72.435 72.374 72.291 72.211 72.166 72.088 72.027 71.946 71.830 71.787 71.697 71.576 71.431 71.235 71.070 70.960 70.879 70.791 70.655 70.557 70.482 70.420 70.388 70.331 70.283 70.199 70.147 70.106 70.078 70.032 69.981 69.937 69.915 69.893 69.870 69.844 69.816 69.792 69.780 69.772 69.760 69.748 69.739 69.730 69.720 69.705 69.656 69.595 69.377
73.854 73.415 73.362 73.291 73.241 73.214 73.186 73.162 73.137 73.094 73.030 72.991 72.969 72.925 72.880 72.825 72.781 72.704 72.624 72.545 72.470 72.413 72.358 72.296 72.237 72.154 72.072 72.026 71.923 71.878 71.779 71.761 71.697 71.583 71.438 71.242 71.133 70.995 70.956 70.861 70.788 70.613 70.532 70.488 70.389 70.617 70.216 70.169 70.141 70.109 70.076 70.026 69.979 69.927 69.904 69.887 69.870 69.847 69.821 69.798 69.787 69.779 69.768 69.746 69.740 69.730 69.720 69.684 69.636 69.557 69.373
73.722 73.276 73.227 73.154 73.107 73.088 73.067 73.046 73.024 72.985 72.927 72.899 72.870 72.823 72.779 72.733 72.691 72.635 72.555 72.474 72.398 72.325 72.269 72.214 72.150 72.098 72.011 71.913 71.861 71.774 71.749 71.749 71.694 71.641 71.384 71.246 71.170 71.043 70.956 70.885 70.818 70.750 70.625 70.491 70.387 70.309 70.175 70.166 70.140 70.109 70.077 70.046 70.052 69.901 69.891 69.879 69.864 69.847 69.832 69.816 69.798 69.787 69.784 69.905 69.797 69.818 69.763 69.640 69.619 69.565 69.459
73.591 73.137 73.093 73.025 72.980 72.963 72.952 72.932 72.912 72.878 72.828 72.802 72.770 72.721 72.677 72.635 72.573 72.544 72.484 72.397 72.316 72.246 72.179 72.125 72.072 72.004 71.958 71.866 71.782 71.731 71.699 71.668 71.890 71.429 71.342 71.383 71.104 70.974 70.959 70.907 70.835 70.751 70.595 70.509 70.430 70.191 70.179 70.159 70.127 70.103 70.061 70.025 69.979 69.889 69.882 69.874 69.864 69.848 69.833 69.825 70.000 69.814 69.788 69.785 69.781 69.807 69.795 69.633 69.611 69.557 69.457
73.459 73.006 72.965 72.903 72.864 72.848 72.838 72.821 72.803 72.778 72.753 72.703 72.667 72.616 72.573 72.538 72.500 72.424 72.385 72.281 72.213 72.149 72.097 72.037 71.985 71.929 71.866 71.826 71.748 71.696 71.653 71.603 71.534 71.723 71.271 71.188 71.143 71.043 70.968 70.952 70.854 70.852 70.578 70.506 70.224 70.192 70.173 70.153 70.133 70.176 70.022 69.989 69.891 69.885 69.879 69.873 69.867 69.890 69.858 69.830 69.829 69.824 69.807 69.789 69.765 69.820 69.826 69.946 69.843 69.622 69.439
73.328 72.922 72.855 72.792 72.756 72.740 72.728 72.712 72.695 72.674 72.649 72.610 72.539 72.509 72.460 72.398 72.382 72.322 72.260 72.169 72.112 72.051 71.996 71.961 71.908 71.860 71.806 71.761 71.720 71.670 71.632 71.597 71.496 71.440 71.306 71.121 71.035 71.023 70.983 70.945 70.876 70.623 70.774 70.279 70.225 70.188 70.169 70.154 70.159 70.025 70.002 69.967 69.900 69.886 69.878 69.870 69.866 70.293 69.865 69.860 69.852 69.835 69.828 69.805 69.690 69.631 69.624 69.664 69.569 69.576 69.429
73.204 73.047 72.707 72.668 72.646 72.634 72.622 72.605 72.589 72.570 72.545 72.501 72.453 72.405 72.351 72.289 72.243 72.237 72.134 72.063 72.015 71.962 71.923 71.885 71.856 71.808 71.762 71.723 71.674 71.591 71.587 71.615 71.448 71.335 71.142 71.061 71.038 71.019 70.988 70.939 70.844 70.616 70.509 70.390 70.235 70.184 70.164 70.139 70.091 70.041 70.001 69.961 69.913 69.892 69.877 69.867 69.863 69.861 69.861 69.863 69.867 69.950 69.888 69.794 69.631 69.619 69.594 69.526 69.530 69.468 69.410
73.073 72.864 72.581 72.555 72.543 72.534 72.521 72.503 72.487 72.468 72.443 72.394 72.344 72.296 72.245 72.196 72.175 72.146 72.051 71.978 71.924 71.887 71.873 71.851 71.825 71.776 71.739 71.675 71.549 71.536 71.446 71.394 71.323 71.193 71.143 71.059 71.037 71.013 70.990 70.930 70.823 70.722 70.631 70.376 70.265 70.234 70.159 70.134 70.085 70.044 69.997 69.958 69.921 69.892 69.876 69.867 69.861 69.856 69.854 69.855 69.941 70.087 69.973 69.668 69.623 69.611 69.551 69.501 69.460 69.371 69.315
72.940 72.675 72.491 72.484 72.471 72.458 72.440 72.413 72.393 72.372 72.344 72.289 72.235 72.184 72.147 72.113 72.102 72.064 71.953 71.892 71.842 71.820 71.813 71.807 71.787 71.727 71.689 71.575 71.534 71.497 71.416 71.341 71.236 71.188 71.141 71.062 71.035 71.010 70.979 70.904 70.786 70.613 70.431 70.319 70.298 70.262 70.208 70.173 70.151 70.205 70.061 69.957 69.917 69.882 69.873 69.864 69.857 69.849 69.844 69.838 69.896 69.799 69.664 69.648 69.626 69.615 69.553 69.387 69.276 69.253 69.230
72.807 72.501 72.446 72.447 72.428 72.408 72.387 72.336 72.307 72.282 72.248 72.188 72.134 72.091 72.065 72.053 72.045 71.989 71.868 71.798 71.773 71.754 71.748 71.714 71.698 71.679 71.596 71.534 71.478 71.414 71.381 71.286 71.232 71.183 71.140 71.074 71.029 71.007 70.945 70.743 70.675 70.607 70.420 70.321 70.308 70.385 70.548 70.178 70.170 70.224 70.231 70.294 70.127 69.877 69.870 69.863 69.854 69.847 69.836 69.821 69.795 69.781 69.737 69.649 69.633 69.611 69.555 69.494 69.374 69.253 69.219
72.676 72.418 72.418 72.418 72.385 72.368 72.334 72.240 72.216 72.192 72.156 72.094 72.042 72.007 71.991 71.985 71.974 71.883 71.831 71.744 71.720 71.701 71.675 71.666 71.657 71.630 71.532 71.470 71.424 71.361 71.316 71.277 71.236 71.184 71.118 71.069 71.051 70.940 70.851 70.759 70.527 70.479 70.418 70.362 70.318 70.629 70.539 70.359 70.498 70.490 70.283 70.462 70.151 69.880 69.872 69.862 69.852 69.840 69.827 69.811 69.797 69.780 69.761 69.700 69.657 69.609 69.554 69.460 69.332 69.281 69.226
72.548 72.387 72.407 72.402 72.351 72.294 72.215 72.178 72.127 72.107 72.072 72.015 71.965 71.936 71.924 71.918 71.910 71.847 71.794 71.704 71.681 71.673 71.659 71.619 71.574 71.544 71.492 71.408 71.340 71.323 71.318 71.273 71.214 71.167 71.107 71.055 70.995 70.876 70.857 70.766 70.486 70.453 70.413 70.479 70.518 70.370 70.277 70.627 70.349 70.427 70.637 70.115 69.976 69.944 69.934 70.052 69.870 69.837 69.823 69.810 69.792 69.778 69.766 69.750 69.721 69.636 69.583 69.447 69.350 69.438 69.234
72.413 72.113 72.322 72.578 72.541 72.434 72.070 72.059 72.052 72.032 72.002 71.968 71.905 71.874 71.867 71.866 71.836 71.765 71.685 71.666 71.621 71.615 71.605 71.563 71.507 71.472 71.393 71.359 71.307 71.304 71.304 71.245 71.221 71.158 71.097 71.028 70.991 70.937 70.832 70.583 70.456 70.419 70.407 70.352 70.260 70.224 70.214 70.223 70.101 70.136 69.993 70.154 70.061 70.108 70.193 70.093 70.082 69.860 69.854 69.804 69.785 69.774 69.764 69.750 69.721 69.639 69.446 69.404 69.370 69.263 69.258
72.276 71.833 71.819 71.888 72.174 72.140 71.998 71.987 71.980 71.964 71.944 71.902 71.844 71.805 71.813 71.794 71.698 71.670 71.652 71.593 71.489 71.465 71.466 71.472 71.085 71.122 71.203 71.235 71.266 71.276 71.270 71.249 71.231 71.177 71.057 70.974 70.963 70.940 70.899 70.668 70.453 70.405 70.385 70.343 70.218 70.284 70.116 69.965 69.898 69.895 69.984 70.131 70.138 70.138 70.132 70.096 70.013 69.988 69.930 70.085 70.104 69.933 69.819 69.743 69.875 69.449 69.420 69.395 69.355 69.294 69.279
72.057 71.721 71.700 71.713 71.807 71.810 71.819 71.822 71.821 71.836 71.821 71.682 71.666 71.687 71.720 71.707 71.574 71.593 71.567 71.364 71.359 71.240 71.334 71.332 71.057 71.029 71.057 71.167 71.243 71.264 71.265 71.243 71.225 71.073 70.893 70.866 70.882 70.915 70.808 70.620 70.591 70.384 70.312 70.319 69.882 69.825 69.967 70.661 69.871 69.886 70.145 70.151 70.153 70.161 70.215 70.023 69.906 69.902 69.779 69.827 69.887 69.750 69.756 69.471 69.449 69.436 69.396 69.357 69.329 69.314 69.306
71.969 71.697 71.664 71.651 71.660 71.738 71.726 71.725 71.671 71.605 71.530 71.482 71.483 71.481 71.519 71.393 71.343 71.317 71.298 71.295 71.274 71.017 70.994 70.974 70.956 70.897 70.895 71.033 71.407 71.263 71.248 71.111 70.977 70.786 70.936 70.297 70.221 70.179 70.120 70.098 70.070 70.042 69.998 69.919 69.851 69.820 69.806 69.797 69.802 70.032 70.124 70.187 70.148 70.159 70.111 69.876 69.740 69.735 69.706 69.600 69.594 69.589 69.561 69.527 69.426 69.401 69.373 69.360 69.342 69.332 69.329
71.790 71.665 71.594 71.584 71.821 71.576 71.581 71.567 71.564 71.513 71.479 71.406 71.373 71.354 71.294 71.114 71.113 71.105 71.151 71.109 70.983 70.970 70.926 70.885 70.863 70.854 70.840 70.830 71.080 71.248 71.163 71.058 70.901 70.382 70.350 70.290 70.226 70.181 70.127 70.099 70.070 70.046 69.991 69.911 69.848 69.812 69.798 69.764 69.734 69.648 70.009 70.230 70.029 69.924 69.780 69.640 69.680 69.922 69.658 69.594 69.581 69.561 69.514 69.474 69.438 69.415 69.387 69.368 69.352 69.345 69.346
71.491 71.493 71.495 71.485 71.445 71.434 71.445 71.425 71.404 71.366 71.356 71.304 71.170 71.157 71.123 71.098 71.076 71.029 71.006 70.984 70.968 70.953 70.917 70.878 70.859 70.842 70.823 70.805 70.772 71.001 70.929 70.491 70.459 70.400 70.356 70.293 70.235 70.187 70.130 70.105 70.072 70.044 69.985 69.903 69.819 69.782 69.751 69.681 69.661 69.640 69.603 69.586 69.719 69.727 69.560 69.561 69.557 69.607 69.623 69.579 69.561 69.542 69.513 69.492 69.460 69.425 69.396 69.375 69.359 69.353 69.358
71.487 71.484 71.479 71.452 71.420 71.361 71.316 71.272 71.250 71.229 71.189 71.167 71.154 71.137 71.109 71.081 71.054 71.027 71.005 70.984 70.965 70.946 70.914 70.878 70.857 70.834 70.809 70.784 70.751 70.724 70.653 70.518 70.477 70.427 70.376 70.296 70.248 70.211 70.152 70.116 70.075 70.042 69.964 69.822 69.774 69.739 69.691 69.663 69.645 69.634 69.604 69.585 69.577 69.568 69.561 69.557 69.555 69.541 69.626 69.561 69.558 69.551 69.533 69.513 69.487 69.440 69.399 69.377 69.365 69.428 70.235
71.487 71.483 71.462 71.425 71.384 71.285 71.252 71.236 71.217 71.198 71.178 71.162 71.147 71.128 71.102 71.073 71.048 71.025 71.005 70.986 70.966 70.944 70.912 70.882 70.860 70.830 70.796 70.775 70.747 70.714 70.655 70.570 70.517 70.445 70.420 70.430 70.409 70.244 70.214 70.139 70.184 70.124 69.887 69.796 69.776 69.738 69.691 69.660 69.642 69.626 69.607 69.591 69.579 69.570 69.563 69.559 69.556 69.546 69.564 69.566 69.567 69.566 69.559 69.544 69.511 69.486 69.704 69.736 71.051 71.080 70.381
71.625 71.503 71.419 71.399 71.339 71.271 71.245 71.228 71.207 71.191 71.175 71.160 71.146 71.130 71.100 71.063 71.042 71.023 71.006 70.990 70.974 70.957 71.284 71.245 71.009 70.821 70.777 70.759 70.735 70.711 70.665 70.652 70.642 70.626 70.591 70.508 70.502 70.507 70.502 70.408 70.090 69.992 69.888 69.805 69.780 69.740 69.692 69.660 69.643 69.626 69.609 69.594 69.582 69.572 69.565 69.561 69.560 69.562 69.566 69.572 69.581 69.592 69.601 69.596 69.706 69.494 69.516 72.587 71.358 70.781 70.720
71.468 71.508 71.344 71.371 71.323 71.228 71.220 71.217 71.202 71.185 71.172 71.160 71.148 71.136 71.099 71.056 71.038 71.022 71.007 70.996 70.979 71.389 71.470 71.102 71.015 70.896 70.777 70.765 70.739 70.729 70.713 70.697 70.706 70.724 70.793 70.803 70.929 70.609 70.611 70.588 70.385 69.998 69.898 69.829 69.781 69.741 69.692 69.664 69.646 69.630 69.613 69.598 69.585 69.575 69.568 69.564 69.563 69.565 69.570 69.579 69.595 69.622 69.668 69.789 69.798 69.996 71.144 71.236 71.117 70.967 70.787
71.109 71.287 71.141 71.148 71.160 71.180 71.184 71.346 71.248 71.179 71.171 71.165 71.163 71.178 71.348 71.161 71.107 71.029 71.115 71.472 71.502 71.363 71.208 71.124 71.100 71.002 70.784 70.781 70.775 70.762 70.758 70.749 70.753 70.787 70.866 70.978 70.989 70.913 70.768 70.713 70.551 70.379 70.164 69.901 69.799 69.748 69.689 69.670 69.652 69.636 69.618 69.603 69.590 69.579 69.572 69.568 69.568 69.569 69.574 69.581 69.639 70.047 70.180 70.341 70.896 71.498 71.311 71.374 71.330 71.103 70.857
71.007 71.013 71.029 71.055 71.114 71.138 71.146 71.319 71.406 71.448 71.434 71.396 71.374 71.299 71.471 71.244 71.234 71.276 71.338 71.293 71.273 71.249 71.225 71.122 70.928 70.829 70.797 70.791 70.785 70.776 70.772 70.820 71.054 71.099 71.074 71.071 71.041 70.982 70.902 70.748 70.627 70.486 70.272 70.009 69.805 69.751 69.700 69.677 69.658 69.649 69.716 72.316 73.161 73.328 72.864 69.573 69.573 69.575 71.128 71.399 71.048 70.588 70.528 70.608 71.074 71.236 71.282 71.585 71.919 71.601 71.194
