module/lisflood/temp/results/res-0003.wd
ncols         76
nrows         48
xllcorner     422950.000000
yllcorner     197600.000000
cellsize      50.000000
NODATA_value  -9999.000000
[rows 0 to 34 of 48, columns 0 to 75 of 76]
0.060 0.099 0.110 0.115 0.126 0.125 0.138 0.147 0.143 0.154 0.173 0.215 0.285 0.193 0.231 0.302 0.389 0.479 0.524 0.521 0.603 0.684 0.765 0.845 0.923 1.010 1.095 1.210 1.323 1.416 1.503 1.641 1.775 1.905 2.032 2.153 2.271 2.374 2.607 2.677 2.667 2.762 2.747 2.775 2.811 2.826 2.849 2.876 2.898 2.896 2.894 2.897 2.911 2.934 2.950 2.974 2.995 2.992 2.988 2.985 2.983 2.976 3.021 3.163 3.167 3.178 3.200 3.266 3.467 3.436 3.515 3.593 3.659 3.821 3.983 4.146
0.072 0.133 0.150 0.166 0.187 0.174 0.172 0.185 0.213 0.235 0.267 0.317 0.387 0.291 0.311 0.359 0.434 0.526 0.620 0.649 0.649 0.727 0.806 0.887 0.967 1.045 1.132 1.218 1.336 1.453 1.547 1.634 1.778 1.918 2.053 2.184 2.308 2.429 2.545 2.742 2.805 2.803 2.844 2.869 2.897 2.917 2.934 2.963 2.982 2.977 2.972 2.970 2.976 2.998 3.017 3.025 3.066 3.057 3.049 3.042 3.035 3.028 3.022 3.176 3.305 3.240 3.273 3.296 3.549 3.574 3.598 3.655 3.494 3.771 3.684 3.965
0.077 0.153 0.177 0.199 0.234 0.224 0.212 0.211 0.226 0.257 0.299 0.357 0.429 0.389 0.465 0.445 0.495 0.572 0.666 0.759 0.774 0.777 0.849 0.927 1.008 1.087 1.165 1.253 1.339 1.463 1.584 1.679 1.766 1.918 2.067 2.207 2.344 2.471 2.595 2.717 2.878 2.932 2.942 2.959 2.991 3.008 3.015 3.043 3.067 3.059 3.051 3.044 3.042 3.047 3.086 3.076 3.068 3.140 3.196 3.207 3.208 3.208 3.297 3.295 3.333 3.450 3.348 3.365 3.633 3.566 3.537 3.539 3.657 3.396 3.504 3.697
0.079 0.168 0.197 0.228 0.271 0.272 0.264 0.255 0.257 0.277 0.326 0.392 0.469 0.488 0.567 0.596 0.583 0.637 0.711 0.804 0.896 0.898 0.904 0.972 1.048 1.129 1.208 1.285 1.375 1.462 1.592 1.719 1.815 1.902 2.064 2.223 2.370 2.513 2.666 2.777 2.890 3.014 3.040 3.047 3.076 3.101 3.098 3.105 3.153 3.141 3.130 3.119 3.108 3.098 3.089 3.189 3.171 3.237 3.296 3.297 3.364 3.372 3.377 3.415 3.504 3.492 3.595 3.413 3.717 3.619 3.521 3.424 3.422 3.421 3.517 3.647
0.079 0.181 0.215 0.260 0.316 0.320 0.326 0.325 0.326 0.358 0.365 0.427 0.506 0.590 0.670 0.750 0.729 0.723 0.777 0.847 0.941 1.033 1.021 1.030 1.093 1.169 1.250 1.329 1.406 1.498 1.586 1.724 1.858 1.955 2.087 2.257 2.422 2.572 2.717 2.863 2.959 3.064 3.140 3.136 3.144 3.195 3.182 3.169 3.157 3.145 3.134 3.292 3.316 3.252 3.237 3.300 3.382 3.462 3.508 3.394 3.458 3.521 3.534 3.535 3.613 3.688 3.653 3.740 3.646 3.552 3.420 3.505 3.384 3.437 3.436 3.555
0.080 0.197 0.240 0.292 0.367 0.391 0.404 0.419 0.415 0.453 0.462 0.478 0.609 0.693 0.774 0.791 0.872 0.864 0.863 0.916 0.983 1.077 1.169 1.144 1.156 1.219 1.291 1.372 1.451 1.528 1.621 1.711 1.861 2.005 2.102 2.273 2.453 2.628 2.806 2.929 3.060 3.101 3.240 3.226 3.212 3.199 3.402 3.390 3.427 3.454 3.443 3.534 3.453 3.407 3.382 3.394 3.448 3.528 3.606 3.577 3.557 3.620 3.676 3.657 3.673 3.744 3.813 3.815 3.812 3.547 3.426 3.414 3.325 3.400 3.582 3.787
0.081 0.228 0.286 0.360 0.437 0.477 0.508 0.527 0.518 0.556 0.562 0.582 0.602 0.796 0.875 0.954 0.911 1.000 0.998 1.003 1.055 1.117 1.212 1.304 1.267 1.282 1.345 1.413 1.494 1.573 1.649 1.746 1.839 2.004 2.164 2.321 2.457 2.652 2.843 3.042 2.940 3.259 3.245 3.344 3.167 2.991 3.301 3.611 3.756 3.602 3.754 3.347 3.626 3.563 3.556 3.488 3.540 3.583 3.661 3.737 3.658 3.722 3.779 3.780 3.714 3.649 3.758 3.559 3.978 3.694 3.595 3.507 3.721 3.828 4.194 4.248
0.084 0.299 0.371 0.459 0.546 0.578 0.617 0.648 0.627 0.661 0.663 0.684 0.713 0.727 0.976 1.052 1.127 1.032 1.128 1.133 1.143 1.193 1.243 1.340 1.434 1.390 1.405 1.472 1.536 1.616 1.694 1.770 1.873 1.968 2.157 2.341 2.541 2.650 2.860 3.069 3.279 3.264 3.162 3.284 3.406 3.330 3.109 3.732 3.084 3.751 3.604 3.614 3.557 3.719 3.628 3.567 3.631 3.531 3.568 3.671 3.770 3.822 3.886 3.904 3.783 3.693 3.604 3.515 3.307 3.520 3.959 3.904 3.978 4.107 4.127 4.256
0.091 0.414 0.486 0.575 0.660 0.695 0.724 0.759 0.736 0.766 0.856 0.802 0.823 0.842 0.851 0.924 1.014 1.103 1.185 1.257 1.268 1.283 1.330 1.370 1.470 1.566 1.511 1.583 1.600 1.659 1.800 1.794 1.875 1.993 2.095 2.317 2.539 2.762 2.622 2.639 2.759 2.869 3.053 3.582 3.349 3.701 3.563 3.395 3.404 3.580 3.455 3.496 3.601 3.769 3.708 3.618 3.543 3.507 3.477 3.578 3.713 3.846 3.988 4.029 3.924 3.763 3.820 3.718 3.564 3.540 3.916 4.140 4.311 4.342 4.364 4.147
0.109 0.545 0.611 0.704 0.784 0.811 0.843 0.868 0.847 0.871 0.960 0.988 0.932 0.957 0.970 1.025 1.060 1.151 1.239 1.317 1.386 1.403 1.422 1.465 1.498 1.601 1.700 1.630 1.761 1.729 1.907 1.883 1.901 1.983 2.065 2.268 2.335 2.508 2.430 2.530 2.579 2.782 2.852 2.839 3.273 2.625 3.196 3.465 3.526 3.505 3.484 3.588 3.620 3.662 3.695 3.728 3.585 3.431 3.386 3.508 3.629 3.804 3.520 4.156 3.924 3.650 3.722 3.535 3.565 3.637 3.991 4.194 4.203 4.245 4.094 4.104
0.170 0.677 0.736 0.839 0.924 0.936 0.960 0.988 0.958 0.977 1.067 1.093 1.042 1.072 1.089 1.125 1.144 1.196 1.288 1.377 1.450 1.517 1.539 1.560 1.611 1.627 1.733 1.836 1.829 1.938 2.015 1.731 1.967 1.810 2.102 2.254 2.264 2.359 2.458 2.553 2.648 2.634 2.714 2.899 3.209 3.034 3.496 3.484 3.410 3.337 3.294 3.191 3.129 3.943 4.038 4.030 3.814 4.014 3.958 4.005 3.870 3.928 3.913 3.195 3.332 3.284 3.356 3.644 3.609 3.595 3.669 4.098 4.108 4.128 4.139 4.030
0.285 0.809 0.863 0.962 1.056 1.072 1.068 1.105 1.070 1.084 1.180 1.201 1.152 1.187 1.207 1.225 1.307 1.281 1.334 1.425 1.514 1.584 1.648 1.674 1.695 1.758 1.757 1.868 1.977 2.030 2.113 1.989 1.557 2.084 2.214 2.021 2.361 2.627 2.675 2.619 2.657 2.706 2.858 3.011 2.894 3.445 3.329 3.108 3.268 3.283 3.315 3.508 3.253 3.515 3.851 3.864 3.783 3.703 4.131 3.952 3.126 3.347 3.568 3.618 3.646 3.340 3.337 3.614 3.644 3.684 3.768 3.917 3.992 3.742 3.909 4.076
0.409 0.943 0.990 1.083 1.174 1.202 1.177 1.215 1.183 1.192 1.210 1.307 1.262 1.302 1.326 1.326 1.344 1.428 1.420 1.544 1.616 1.685 1.719 1.779 1.806 1.845 1.903 1.888 2.002 2.117 2.231 2.289 2.440 1.716 2.358 2.426 2.286 2.365 2.642 2.419 2.593 2.475 2.899 2.844 3.373 3.236 3.453 3.191 3.243 3.054 3.284 3.305 3.723 3.704 3.737 3.719 3.712 3.288 3.335 3.447 3.517 3.587 3.475 3.437 3.498 3.311 3.307 3.164 3.269 3.499 3.729 4.223 3.958 3.693 3.972 4.411
0.535 1.078 1.119 1.198 1.283 1.319 1.287 1.325 1.297 1.300 1.309 1.357 1.450 1.417 1.445 1.537 1.445 1.524 1.554 1.662 1.718 1.787 1.857 1.855 1.910 1.940 1.995 2.017 2.020 2.025 2.114 2.068 2.490 2.704 2.272 2.497 2.910 2.812 2.589 2.617 2.530 2.964 2.545 3.292 3.405 3.455 3.640 3.411 3.097 3.368 3.389 3.370 3.495 3.612 3.740 3.565 3.662 2.873 3.358 3.342 3.380 3.429 3.403 3.366 3.556 3.683 3.626 3.477 3.825 3.564 3.971 3.700 3.839 3.968 4.118 4.247
0.661 0.807 1.248 1.326 1.395 1.428 1.398 1.436 1.411 1.409 1.407 1.459 1.513 1.532 1.564 1.650 1.733 1.561 1.691 1.781 1.820 1.889 1.945 1.999 1.993 2.035 2.091 2.147 2.027 2.231 2.060 1.878 2.077 2.276 2.605 2.913 2.920 3.020 2.777 2.731 2.697 3.027 3.213 3.106 3.301 3.529 3.507 3.673 3.464 3.494 3.485 3.486 3.591 3.583 3.503 3.662 3.739 3.795 3.417 3.378 3.395 3.229 3.305 3.393 3.692 3.775 3.652 3.791 3.661 3.721 3.827 3.761 4.126 4.114 4.265 4.717
0.788 1.003 1.379 1.460 1.525 1.539 1.510 1.548 1.527 1.518 1.507 1.562 1.619 1.648 1.684 1.768 1.842 1.652 1.761 1.858 1.923 1.991 1.978 2.029 2.080 2.131 2.151 2.113 2.702 2.276 2.423 2.493 2.279 2.630 2.501 2.736 2.722 2.843 2.824 2.639 2.896 2.727 2.744 3.003 3.178 3.155 3.488 3.528 3.696 3.685 3.780 3.844 3.814 3.879 3.705 3.729 3.670 3.498 3.379 3.428 3.261 3.095 3.209 3.567 3.925 3.803 4.038 3.917 3.753 3.847 3.921 4.027 4.166 4.640 4.736 4.650
0.915 1.199 1.510 1.594 1.660 1.663 1.623 1.659 1.643 1.628 1.607 1.666 1.727 1.782 1.804 1.896 1.965 1.743 1.870 1.940 2.025 2.094 2.062 1.982 1.903 2.066 2.032 2.267 2.492 2.166 2.287 2.367 2.540 2.630 2.553 2.737 2.723 2.699 2.664 2.630 2.710 2.906 3.101 3.453 3.342 3.460 3.293 3.235 3.312 3.084 3.273 3.410 3.464 4.113 4.137 4.151 4.041 3.963 3.795 3.628 3.321 3.436 3.746 3.763 4.025 4.286 3.788 4.141 4.538 4.536 4.632 4.565 4.640 4.747 4.801 4.746
1.043 1.396 1.642 1.504 1.606 1.787 1.736 1.771 1.759 1.739 1.708 1.772 1.837 1.895 1.925 1.957 2.046 1.835 1.986 2.087 2.120 2.239 2.073 2.133 2.120 2.085 2.165 2.234 2.430 2.572 2.245 2.440 2.571 2.704 2.659 2.603 3.006 2.754 2.583 3.144 2.952 2.835 3.032 3.238 3.507 2.974 2.775 3.317 3.567 3.130 3.116 2.987 3.156 3.639 4.122 4.189 3.891 3.844 3.607 3.566 3.642 3.779 3.569 3.891 4.008 3.712 3.800 3.752 3.852 4.032 4.131 4.322 4.534 4.749 4.657 4.714
1.172 1.593 1.775 1.500 1.631 1.651 1.607 1.879 1.876 1.850 1.809 1.879 1.948 2.008 2.046 2.018 1.988 2.107 2.108 2.234 2.229 2.301 2.456 2.506 2.065 2.073 2.236 2.307 2.346 2.530 2.631 2.681 2.740 2.425 2.515 2.700 2.426 2.621 3.358 2.824 3.186 3.184 3.786 3.116 3.219 2.718 2.811 3.019 2.821 2.822 3.094 2.826 3.141 3.750 4.006 3.656 3.704 3.825 3.812 3.875 3.917 3.823 3.820 3.705 3.691 3.757 3.800 3.888 4.112 4.110 4.154 4.445 4.783 4.658 4.748 4.771
1.301 1.561 1.909 1.527 1.698 1.855 1.844 1.860 1.994 1.962 1.911 1.983 2.057 2.118 2.167 2.139 1.968 2.021 2.031 2.382 2.338 2.315 2.303 2.344 2.407 2.188 2.215 2.358 2.513 2.667 2.821 2.359 2.669 2.646 2.685 2.683 2.670 3.021 3.092 2.735 3.264 3.042 3.898 2.917 2.859 3.018 3.163 2.712 3.028 2.914 2.673 3.242 3.536 3.530 3.441 3.248 3.462 3.594 3.674 3.671 3.622 3.665 3.606 3.536 3.557 3.657 3.688 3.844 4.023 3.807 4.302 4.425 4.718 4.604 4.502 4.445
1.431 1.875 1.557 1.238 1.278 1.382 2.080 2.096 2.113 2.075 2.014 2.006 2.158 2.236 2.290 2.142 2.015 2.090 2.271 2.144 2.334 2.238 2.151 2.353 2.352 2.228 2.313 2.342 2.555 2.682 2.284 2.595 2.447 2.560 2.619 2.743 2.688 2.613 2.725 3.024 3.386 3.833 3.789 3.276 3.379 3.555 3.585 3.148 3.326 3.223 3.569 3.176 3.356 3.246 3.116 3.424 3.222 3.517 3.480 3.601 3.712 3.789 3.788 3.820 3.739 3.715 3.939 4.050 3.936 4.126 4.576 4.597 4.596 4.550 4.674 4.527
1.561 2.190 2.177 1.962 1.651 1.690 1.963 2.055 2.018 2.086 2.015 2.020 2.087 2.356 2.316 2.136 2.223 2.277 2.278 2.215 2.449 2.438 2.309 2.256 3.702 2.637 2.522 2.573 2.696 2.945 2.808 2.515 2.545 2.408 2.531 2.707 2.788 2.619 2.606 2.823 3.060 3.287 3.253 3.137 3.271 3.113 3.394 3.592 3.749 3.865 3.513 3.287 3.250 3.265 3.322 3.277 3.368 3.346 3.412 3.230 3.206 3.385 3.508 3.598 3.427 4.012 4.079 4.077 4.008 4.762 4.603 4.579 4.668 4.645 4.171 4.316
1.785 2.349 2.508 2.175 2.035 2.085 2.188 2.280 2.221 2.131 2.072 2.267 2.368 2.381 2.160 2.141 2.367 2.209 2.242 2.595 2.531 2.756 2.404 2.372 3.201 2.877 2.752 2.658 2.897 2.448 2.468 2.374 2.362 2.518 2.829 2.796 2.711 2.605 2.708 2.893 2.890 3.097 3.251 3.124 3.642 4.486 3.516 2.724 3.840 3.956 3.229 3.472 3.320 3.242 3.134 3.360 3.525 3.460 3.662 3.536 3.457 3.637 3.592 4.347 4.019 3.939 3.994 4.140 4.816 4.712 4.507 4.506 4.426 4.301 4.210 4.041
1.870 2.328 2.561 2.389 2.344 2.118 2.263 2.259 2.362 2.421 2.522 2.666 2.585 2.663 2.314 2.467 2.608 2.514 2.558 2.560 2.519 3.180 2.808 2.766 2.943 3.196 3.067 2.723 2.223 2.472 2.389 2.535 2.659 2.858 2.628 3.449 4.084 3.666 3.914 3.922 3.868 4.022 3.853 3.871 4.005 4.254 4.107 3.993 5.327 3.370 3.290 3.210 3.278 3.221 3.270 3.528 3.787 3.777 3.765 4.138 4.228 4.162 3.936 3.857 4.083 4.094 4.781 4.678 4.677 4.607 4.471 4.525 4.276 5.279 5.267 4.047
2.052 2.201 2.487 2.497 1.994 2.311 2.382 2.454 2.397 2.488 2.461 2.712 2.674 2.753 2.565 3.283 3.265 2.820 2.663 2.729 2.933 3.436 3.022 3.002 3.641 3.516 3.412 3.164 2.581 2.394 2.488 2.583 2.729 3.688 3.646 3.709 3.802 3.811 3.872 3.922 3.972 3.959 3.748 3.850 3.868 3.981 4.658 3.948 3.887 5.296 3.413 3.166 3.402 3.502 3.645 3.884 3.800 3.462 3.813 3.951 3.919 3.942 4.034 4.147 4.859 4.882 4.734 4.790 4.686 4.652 4.435 5.155 4.318 4.317 4.102 4.056
2.576 2.489 2.648 2.626 2.656 2.569 2.480 2.573 2.560 2.673 2.551 2.664 3.255 3.356 3.073 2.981 2.963 3.137 3.141 3.687 3.433 3.351 3.235 3.397 3.632 3.613 3.624 3.532 3.023 2.660 2.734 3.486 3.612 3.759 3.666 3.687 3.729 3.760 3.936 3.944 3.868 3.897 3.747 3.734 3.815 3.823 3.801 4.061 4.051 4.366 3.963 4.072 3.734 3.710 4.146 4.000 4.751 3.837 3.874 3.967 3.982 4.018 4.608 4.859 4.713 4.724 4.712 4.677 4.461 5.373 4.412 3.947 3.742 3.807 3.727 3.749
2.715 2.662 2.672 2.724 2.680 2.710 2.686 2.812 2.819 2.869 2.918 3.053 3.197 3.341 3.475 3.501 3.548 3.573 3.566 3.719 3.466 3.362 3.268 3.452 4.020 3.741 3.440 3.599 3.716 3.613 3.241 3.733 3.694 3.654 3.604 3.720 3.690 3.679 3.720 3.770 3.746 4.951 3.686 3.859 3.981 4.009 4.081 4.195 4.268 4.229 4.045 5.362 4.212 4.199 4.501 4.637 4.682 4.022 3.823 3.986 4.623 4.662 4.620 4.690 4.591 4.388 5.245 4.364 4.430 4.100 3.262 3.440 3.347 3.446 3.760 3.749
2.505 2.589 2.451 2.684 2.629 2.873 2.978 3.049 3.005 3.034 3.104 3.218 3.257 3.305 3.396 3.349 3.290 3.370 3.459 3.559 3.604 3.384 3.408 3.438 3.430 3.255 3.726 3.708 3.451 3.401 3.478 3.648 3.505 3.634 3.554 3.285 3.328 4.653 3.589 4.796 3.406 3.454 3.771 4.236 4.168 4.113 4.184 4.255 4.381 4.415 4.574 4.424 4.430 5.376 4.471 4.660 4.382 4.014 4.733 4.774 4.713 4.719 4.714 4.774 4.991 4.247 3.806 3.793 2.448 2.411 3.253 3.307 3.293 3.763 3.581 3.760
2.209 2.358 2.485 2.580 2.728 2.908 2.991 2.969 3.083 3.092 3.132 3.182 3.243 3.388 3.128 3.251 3.342 3.390 3.470 3.581 3.479 3.088 2.474 2.503 2.746 3.019 3.085 3.161 3.227 3.378 3.538 3.449 3.307 3.197 3.181 4.977 4.418 3.337 3.284 3.303 3.735 3.844 4.025 4.321 4.295 4.196 4.245 4.410 4.379 4.537 4.655 4.703 4.709 4.635 5.315 4.641 4.631 4.539 4.842 4.852 4.784 4.725 4.551 5.120 3.882 4.560 4.153 0.946 2.183 3.037 2.897 3.378 3.927 3.483 3.458 3.614
2.393 2.329 2.562 2.477 2.529 2.763 2.837 2.898 2.983 3.119 3.201 3.295 3.346 3.108 2.892 3.133 3.225 3.391 3.428 3.444 2.937 2.387 2.295 2.777 2.864 2.941 3.132 3.116 3.016 3.385 3.203 5.042 3.611 3.180 3.009 3.026 2.781 3.451 3.462 3.146 3.348 3.902 4.091 4.167 4.347 4.268 4.317 4.450 4.710 4.722 4.601 4.596 4.801 4.685 4.668 4.632 4.589 4.746 4.873 4.866 4.676 4.901 5.644 4.263 4.153 3.623 2.460 2.389 2.553 2.684 2.915 3.609 3.276 2.662 3.403 3.480
2.811 2.556 2.811 2.747 2.757 2.799 2.862 2.488 2.615 2.795 2.953 2.908 2.810 2.776 2.475 2.706 2.778 2.987 2.716 2.328 2.290 2.444 2.651 2.792 2.682 2.769 3.211 3.632 3.627 3.404 5.024 3.261 3.435 3.360 3.275 2.909 3.074 2.986 3.196 3.088 3.265 3.420 3.647 3.982 4.108 4.049 4.388 4.447 4.436 4.572 4.420 4.460 4.600 4.607 5.614 4.341 4.657 4.841 4.533 5.400 4.199 3.728 3.852 3.759 2.848 2.138 2.362 2.289 2.328 2.570 3.387 2.837 3.281 3.252 3.370 3.356
3.029 2.965 3.007 2.964 2.932 2.932 2.941 2.536 2.440 2.406 2.427 2.479 2.489 2.657 2.358 2.643 2.662 2.584 2.484 2.576 2.603 2.683 2.602 2.693 2.895 3.003 3.612 3.680 3.499 4.777 3.430 3.105 2.832 2.717 2.978 3.022 3.067 3.059 3.064 3.349 3.895 3.428 3.694 3.889 4.244 4.215 4.281 4.349 4.391 4.388 3.936 1.264 0.416 0.226 0.685 5.786 5.027 5.069 2.500 2.261 2.655 3.180 3.488 4.004 2.892 2.655 2.549 2.125 1.767 2.097 2.550 2.597 2.712 3.391 3.224 3.152
3.022 2.947 3.118 2.969 2.819 2.937 2.926 2.862 2.755 2.318 2.243 2.328 2.370 2.795 2.592 2.537 2.514 2.661 2.733 2.719 2.746 2.688 2.650 2.866 3.421 3.581 3.691 3.541 5.059 2.712 2.626 2.615 2.865 2.918 3.161 2.991 2.939 2.710 2.746 3.152 3.433 3.645 3.769 3.452 3.920 4.267 4.203 4.323 2.847 0.124 0.065 0.152 0.150 0.083 0.102 0.118 0.163 0.249 0.441 1.457 1.942 2.333 2.789 3.320 3.022 2.817 2.381 1.365 1.535 1.816 2.213 2.314 2.393 2.910 3.123 2.640
3.090 3.101 3.154 3.186 2.706 2.697 2.857 2.964 2.836 2.240 2.187 2.230 2.433 2.497 2.646 2.572 2.741 2.804 2.653 2.778 2.763 2.801 3.061 3.476 3.437 3.430 3.478 4.859 2.700 2.741 2.720 2.740 2.896 2.971 3.070 2.988 2.977 2.591 2.454 2.883 2.918 2.553 2.662 2.646 2.647 1.917 0.291 0.076 0.055 0.056 0.089 0.191 0.097 0.113 0.114 0.124 0.134 0.159 0.159 0.499 1.223 1.942 2.423 2.915 3.148 2.636 1.822 1.399 1.304 1.640 1.922 2.191 2.290 3.051 2.512 1.544
3.414 3.169 3.211 3.127 2.818 2.904 2.916 2.895 2.993 2.823 2.579 2.549 2.582 2.380 2.616 2.766 2.659 2.499 2.520 2.561 2.665 3.417 3.429 3.608 3.682 3.601 5.138 2.864 2.385 2.647 2.657 2.490 2.678 2.793 2.881 2.893 2.549 2.503 2.336 0.780 0.098 0.105 0.085 0.087 0.093 0.072 0.062 0.061 0.061 0.085 0.110 0.152 0.081 0.118 0.130 0.139 0.132 0.160 0.176 0.200 0.615 1.462 1.969 2.621 3.491 3.233 1.688 0.914 1.049 1.271 1.983 2.299 2.858 2.542 1.418 0.072
