module/lisflood/temp/results/res-0001.wd
ncols         76
nrows         48
xllcorner     422950.000000
yllcorner     197600.000000
cellsize      50.000000
NODATA_value  -9999.000000
[rows 0 to 34 of 48, columns 0 to 75 of 76]
0.030 0.049 0.053 0.054 0.059 0.056 0.063 0.066 0.062 0.063 0.064 0.071 0.111 0.043 0.053 0.061 0.070 0.082 0.081 0.060 0.068 0.074 0.079 0.083 0.084 0.088 0.089 0.104 0.115 0.113 0.105 0.124 0.137 0.142 0.141 0.135 0.128 0.109 0.168 0.153 0.103 0.120 0.087 0.078 0.079 0.072 0.071 0.073 0.078 0.074 0.071 0.069 0.070 0.075 0.075 0.080 0.087 0.081 0.076 0.073 0.069 0.059 0.063 0.091 0.075 0.067 0.061 0.064 0.156 0.119 0.188 0.258 0.312 0.465 0.624 0.785
0.036 0.065 0.073 0.079 0.090 0.081 0.078 0.084 0.097 0.104 0.111 0.125 0.174 0.079 0.075 0.078 0.086 0.098 0.118 0.109 0.085 0.092 0.099 0.105 0.109 0.110 0.114 0.109 0.124 0.139 0.137 0.120 0.139 0.152 0.157 0.157 0.153 0.146 0.120 0.188 0.186 0.149 0.144 0.136 0.132 0.124 0.116 0.119 0.122 0.113 0.105 0.100 0.097 0.104 0.108 0.104 0.125 0.107 0.094 0.084 0.076 0.067 0.049 0.077 0.142 0.074 0.082 0.072 0.237 0.257 0.274 0.325 0.154 0.413 0.322 0.600
0.038 0.075 0.086 0.095 0.114 0.106 0.096 0.094 0.099 0.110 0.122 0.139 0.177 0.116 0.128 0.096 0.097 0.105 0.123 0.146 0.128 0.103 0.109 0.116 0.123 0.127 0.127 0.129 0.122 0.141 0.157 0.151 0.129 0.149 0.162 0.166 0.168 0.165 0.154 0.156 0.229 0.238 0.219 0.209 0.208 0.195 0.173 0.169 0.171 0.154 0.140 0.127 0.118 0.114 0.134 0.115 0.096 0.114 0.129 0.122 0.108 0.089 0.115 0.103 0.121 0.197 0.093 0.093 0.321 0.251 0.216 0.211 0.324 0.054 0.133 0.324
0.038 0.081 0.094 0.106 0.130 0.127 0.119 0.110 0.106 0.107 0.120 0.139 0.167 0.141 0.151 0.141 0.111 0.113 0.122 0.144 0.170 0.142 0.118 0.122 0.129 0.136 0.140 0.139 0.140 0.133 0.155 0.172 0.163 0.134 0.151 0.164 0.171 0.177 0.193 0.199 0.233 0.306 0.305 0.288 0.286 0.275 0.237 0.212 0.229 0.203 0.178 0.148 0.128 0.113 0.097 0.135 0.101 0.119 0.144 0.130 0.156 0.146 0.138 0.156 0.232 0.216 0.311 0.120 0.406 0.305 0.202 0.099 0.092 0.080 0.140 0.262
0.039 0.085 0.100 0.117 0.146 0.142 0.139 0.130 0.121 0.128 0.117 0.130 0.147 0.155 0.168 0.195 0.156 0.127 0.129 0.138 0.163 0.190 0.154 0.130 0.132 0.139 0.146 0.150 0.147 0.148 0.140 0.165 0.185 0.171 0.167 0.180 0.196 0.208 0.224 0.268 0.295 0.350 0.394 0.369 0.348 0.358 0.299 0.251 0.214 0.181 0.147 0.234 0.241 0.164 0.131 0.153 0.186 0.242 0.280 0.160 0.205 0.256 0.263 0.260 0.330 0.400 0.360 0.439 0.337 0.237 0.095 0.177 0.059 0.088 0.055 0.119
0.038 0.089 0.105 0.120 0.154 0.158 0.154 0.152 0.135 0.144 0.133 0.121 0.166 0.175 0.194 0.180 0.207 0.174 0.145 0.146 0.154 0.180 0.210 0.162 0.140 0.142 0.147 0.154 0.156 0.152 0.153 0.143 0.175 0.199 0.173 0.183 0.211 0.249 0.298 0.328 0.391 0.384 0.488 0.451 0.411 0.357 0.475 0.428 0.436 0.434 0.404 0.463 0.350 0.276 0.227 0.214 0.238 0.296 0.361 0.321 0.292 0.345 0.396 0.373 0.384 0.449 0.513 0.507 0.497 0.222 0.086 0.071 0.026 0.036 0.061 0.176
0.038 0.092 0.108 0.127 0.156 0.166 0.171 0.170 0.148 0.157 0.145 0.137 0.121 0.208 0.224 0.260 0.199 0.228 0.193 0.163 0.162 0.168 0.198 0.230 0.169 0.147 0.150 0.151 0.158 0.159 0.153 0.156 0.147 0.188 0.212 0.217 0.207 0.267 0.328 0.434 0.272 0.533 0.490 0.559 0.361 0.144 0.359 0.629 0.755 0.569 0.707 0.264 0.494 0.407 0.384 0.294 0.322 0.344 0.405 0.470 0.383 0.439 0.493 0.490 0.419 0.349 0.453 0.245 0.650 0.347 0.182 0.062 0.085 0.159 0.523 0.578
0.038 0.094 0.111 0.132 0.165 0.170 0.180 0.190 0.158 0.166 0.149 0.143 0.137 0.113 0.268 0.317 0.357 0.221 0.239 0.206 0.178 0.177 0.178 0.210 0.243 0.173 0.151 0.151 0.152 0.157 0.155 0.157 0.169 0.155 0.197 0.223 0.273 0.272 0.344 0.453 0.596 0.546 0.402 0.479 0.577 0.471 0.193 0.747 0.072 0.694 0.538 0.515 0.417 0.547 0.441 0.362 0.408 0.288 0.305 0.393 0.486 0.534 0.592 0.606 0.481 0.386 0.292 0.196 0.026 0.104 0.330 0.246 0.305 0.428 0.446 0.575
0.038 0.097 0.113 0.135 0.169 0.178 0.185 0.201 0.167 0.166 0.205 0.148 0.146 0.135 0.117 0.143 0.188 0.213 0.231 0.242 0.214 0.191 0.189 0.185 0.219 0.252 0.169 0.180 0.152 0.146 0.189 0.156 0.163 0.177 0.150 0.191 0.264 0.392 0.186 0.130 0.129 0.156 0.279 0.759 0.508 0.816 0.643 0.403 0.372 0.518 0.376 0.382 0.446 0.579 0.505 0.403 0.312 0.259 0.207 0.291 0.421 0.551 0.687 0.722 0.612 0.446 0.497 0.384 0.184 0.102 0.262 0.462 0.627 0.653 0.671 0.453
0.038 0.100 0.115 0.140 0.175 0.183 0.195 0.207 0.173 0.168 0.209 0.213 0.153 0.150 0.135 0.151 0.160 0.191 0.216 0.233 0.243 0.220 0.201 0.198 0.189 0.225 0.259 0.160 0.204 0.144 0.239 0.214 0.183 0.168 0.120 0.143 0.117 0.167 0.065 0.085 0.075 0.118 0.121 0.077 0.426 0.018 0.201 0.435 0.480 0.438 0.395 0.459 0.454 0.454 0.473 0.497 0.345 0.176 0.112 0.218 0.334 0.507 0.217 0.836 0.603 0.323 0.389 0.169 0.154 0.150 0.322 0.503 0.507 0.544 0.386 0.393
0.038 0.102 0.115 0.147 0.190 0.190 0.201 0.218 0.178 0.171 0.217 0.230 0.165 0.164 0.153 0.159 0.153 0.165 0.194 0.218 0.232 0.242 0.224 0.207 0.211 0.191 0.227 0.248 0.205 0.243 0.311 0.043 0.240 0.047 0.097 0.126 0.076 0.059 0.086 0.124 0.167 0.099 0.068 0.132 0.351 0.112 0.452 0.443 0.354 0.261 0.197 0.073 0.027 0.699 0.793 0.781 0.558 0.749 0.684 0.722 0.575 0.628 0.615 0.023 0.056 0.033 0.054 0.222 0.169 0.104 0.074 0.393 0.398 0.412 0.414 0.293
0.037 0.106 0.117 0.151 0.205 0.211 0.202 0.229 0.185 0.177 0.235 0.243 0.177 0.177 0.169 0.161 0.197 0.157 0.165 0.187 0.211 0.226 0.239 0.227 0.212 0.223 0.191 0.227 0.268 0.285 0.352 0.214 0.019 0.101 0.159 0.023 0.099 0.250 0.298 0.204 0.184 0.163 0.174 0.254 0.071 0.395 0.279 0.050 0.190 0.192 0.192 0.359 0.068 0.249 0.586 0.599 0.516 0.427 0.847 0.666 0.021 0.062 0.262 0.313 0.342 0.066 0.054 0.172 0.183 0.172 0.158 0.206 0.274 0.038 0.119 0.273
0.037 0.117 0.124 0.159 0.215 0.233 0.205 0.234 0.194 0.188 0.194 0.253 0.185 0.188 0.184 0.163 0.159 0.182 0.151 0.186 0.206 0.226 0.224 0.240 0.230 0.229 0.240 0.200 0.253 0.330 0.418 0.441 0.539 0.019 0.224 0.224 0.054 0.048 0.265 0.040 0.130 0.024 0.188 0.074 0.334 0.177 0.387 0.117 0.160 0.025 0.111 0.109 0.439 0.422 0.458 0.442 0.436 0.041 0.063 0.153 0.228 0.298 0.174 0.123 0.164 0.035 0.041 0.021 0.026 0.037 0.086 0.496 0.225 0.024 0.098 0.532
0.038 0.176 0.150 0.169 0.222 0.248 0.211 0.240 0.204 0.196 0.191 0.212 0.247 0.197 0.189 0.234 0.140 0.174 0.157 0.189 0.202 0.226 0.256 0.235 0.252 0.249 0.266 0.258 0.235 0.206 0.272 0.206 0.543 0.716 0.165 0.220 0.561 0.466 0.217 0.221 0.079 0.274 0.019 0.285 0.356 0.382 0.560 0.327 0.029 0.177 0.185 0.140 0.208 0.319 0.447 0.272 0.372 0.017 0.080 0.065 0.100 0.137 0.108 0.053 0.132 0.203 0.142 0.036 0.292 0.040 0.302 0.032 0.053 0.066 0.198 0.334
0.045 0.035 0.138 0.179 0.229 0.257 0.220 0.248 0.216 0.204 0.189 0.207 0.225 0.208 0.199 0.237 0.287 0.123 0.164 0.198 0.204 0.234 0.266 0.297 0.276 0.286 0.311 0.343 0.189 0.325 0.165 0.026 0.073 0.173 0.324 0.566 0.564 0.660 0.400 0.319 0.204 0.319 0.411 0.198 0.251 0.440 0.410 0.562 0.316 0.307 0.267 0.238 0.304 0.283 0.196 0.352 0.432 0.492 0.120 0.089 0.115 0.036 0.055 0.053 0.192 0.266 0.122 0.195 0.072 0.072 0.122 0.039 0.183 0.171 0.326 0.781
0.046 0.052 0.147 0.205 0.261 0.272 0.236 0.262 0.233 0.215 0.188 0.204 0.222 0.215 0.212 0.259 0.326 0.120 0.148 0.186 0.211 0.257 0.244 0.287 0.326 0.343 0.340 0.253 0.731 0.306 0.378 0.410 0.140 0.375 0.211 0.377 0.355 0.466 0.438 0.206 0.370 0.113 0.053 0.069 0.146 0.104 0.373 0.400 0.529 0.488 0.545 0.579 0.521 0.565 0.382 0.404 0.346 0.175 0.059 0.114 0.038 0.022 0.027 0.083 0.400 0.269 0.446 0.278 0.075 0.083 0.102 0.109 0.214 0.688 0.783 0.696
0.044 0.064 0.193 0.272 0.329 0.324 0.270 0.287 0.258 0.231 0.190 0.204 0.221 0.237 0.233 0.303 0.374 0.126 0.155 0.177 0.225 0.287 0.261 0.189 0.105 0.221 0.163 0.299 0.497 0.148 0.202 0.221 0.304 0.360 0.250 0.369 0.342 0.307 0.255 0.159 0.135 0.170 0.197 0.450 0.330 0.424 0.214 0.132 0.198 0.034 0.088 0.130 0.152 0.774 0.796 0.808 0.697 0.616 0.448 0.280 0.036 0.057 0.236 0.241 0.483 0.737 0.179 0.369 0.657 0.634 0.708 0.623 0.685 0.783 0.833 0.777
0.043 0.090 0.283 0.148 0.236 0.401 0.334 0.323 0.290 0.252 0.196 0.209 0.229 0.254 0.269 0.301 0.394 0.139 0.182 0.225 0.245 0.359 0.201 0.240 0.224 0.184 0.195 0.216 0.369 0.461 0.115 0.229 0.320 0.417 0.343 0.235 0.607 0.346 0.127 0.499 0.253 0.081 0.103 0.223 0.491 0.047 0.022 0.205 0.457 0.084 0.086 0.029 0.039 0.279 0.762 0.828 0.527 0.478 0.235 0.183 0.237 0.363 0.113 0.350 0.453 0.138 0.172 0.066 0.048 0.108 0.175 0.355 0.561 0.770 0.674 0.729
0.043 0.208 0.391 0.119 0.219 0.227 0.154 0.337 0.317 0.274 0.206 0.222 0.248 0.283 0.315 0.291 0.261 0.301 0.262 0.313 0.296 0.362 0.503 0.557 0.120 0.114 0.193 0.215 0.221 0.356 0.425 0.449 0.481 0.127 0.165 0.314 0.035 0.133 0.794 0.181 0.324 0.287 0.841 0.128 0.199 0.020 0.034 0.073 0.024 0.027 0.101 0.020 0.032 0.376 0.631 0.277 0.320 0.433 0.411 0.462 0.494 0.386 0.367 0.193 0.139 0.159 0.149 0.145 0.243 0.192 0.182 0.462 0.795 0.665 0.750 0.770
0.047 0.147 0.516 0.131 0.255 0.358 0.272 0.257 0.347 0.301 0.223 0.246 0.278 0.319 0.366 0.343 0.173 0.174 0.142 0.415 0.360 0.341 0.327 0.340 0.371 0.134 0.122 0.194 0.293 0.443 0.605 0.111 0.375 0.318 0.310 0.269 0.209 0.454 0.519 0.084 0.346 0.104 0.933 0.030 0.023 0.046 0.109 0.018 0.066 0.040 0.017 0.072 0.235 0.203 0.110 0.040 0.077 0.180 0.249 0.236 0.172 0.204 0.135 0.051 0.045 0.062 0.042 0.064 0.148 0.022 0.314 0.430 0.718 0.598 0.490 0.429
0.044 0.189 0.081 0.020 0.026 0.026 0.365 0.375 0.390 0.338 0.254 0.220 0.317 0.372 0.428 0.289 0.142 0.156 0.268 0.132 0.289 0.198 0.113 0.284 0.239 0.092 0.110 0.118 0.291 0.427 0.042 0.306 0.146 0.209 0.220 0.287 0.208 0.092 0.112 0.175 0.423 0.845 0.802 0.246 0.269 0.421 0.452 0.034 0.100 0.041 0.252 0.028 0.122 0.065 0.025 0.238 0.029 0.105 0.065 0.139 0.233 0.301 0.291 0.311 0.203 0.098 0.131 0.202 0.055 0.140 0.586 0.600 0.589 0.535 0.646 0.496
0.038 0.224 0.199 0.055 0.032 0.041 0.176 0.261 0.222 0.280 0.196 0.165 0.182 0.420 0.396 0.206 0.206 0.242 0.235 0.123 0.264 0.240 0.123 0.087 1.157 0.141 0.118 0.213 0.379 0.650 0.518 0.216 0.240 0.061 0.076 0.181 0.264 0.084 0.043 0.042 0.077 0.268 0.227 0.081 0.102 0.022 0.146 0.203 0.303 0.425 0.170 0.098 0.074 0.095 0.151 0.074 0.085 0.041 0.051 0.025 0.022 0.031 0.041 0.056 0.019 0.179 0.218 0.193 0.085 0.780 0.607 0.575 0.656 0.629 0.175 0.290
0.043 0.272 0.411 0.093 0.049 0.105 0.221 0.320 0.265 0.195 0.127 0.190 0.281 0.323 0.143 0.119 0.221 0.091 0.107 0.267 0.208 0.324 0.077 0.053 0.618 0.277 0.191 0.218 0.544 0.127 0.159 0.054 0.036 0.051 0.194 0.146 0.089 0.028 0.036 0.046 0.027 0.039 0.134 0.026 0.120 0.918 0.101 0.014 0.349 0.489 0.029 0.285 0.141 0.076 0.026 0.063 0.113 0.046 0.126 0.049 0.031 0.074 0.035 0.506 0.157 0.065 0.081 0.189 0.838 0.721 0.510 0.509 0.434 0.347 0.284 0.166
0.040 0.227 0.428 0.244 0.211 0.065 0.202 0.201 0.254 0.252 0.283 0.385 0.311 0.394 0.091 0.125 0.224 0.113 0.147 0.155 0.102 0.516 0.131 0.079 0.248 0.453 0.331 0.136 0.020 0.136 0.048 0.068 0.069 0.087 0.018 0.212 0.782 0.334 0.535 0.534 0.465 0.603 0.403 0.355 0.433 0.663 0.513 0.400 1.749 0.031 0.050 0.040 0.074 0.033 0.037 0.062 0.187 0.172 0.132 0.398 0.482 0.410 0.156 0.043 0.168 0.154 0.814 0.700 0.682 0.604 0.466 0.528 0.326 1.377 1.385 0.253
0.042 0.067 0.283 0.284 0.020 0.095 0.174 0.235 0.179 0.224 0.168 0.351 0.286 0.352 0.111 0.656 0.644 0.199 0.096 0.129 0.216 0.715 0.266 0.214 0.841 0.717 0.609 0.360 0.037 0.028 0.047 0.046 0.045 0.495 0.432 0.445 0.485 0.461 0.480 0.514 0.548 0.524 0.271 0.306 0.274 0.363 1.037 0.304 0.222 1.554 0.039 0.020 0.059 0.058 0.060 0.160 0.116 0.020 0.106 0.178 0.131 0.133 0.177 0.249 0.924 0.924 0.749 0.787 0.669 0.629 0.415 1.146 0.377 0.446 0.353 0.358
0.266 0.182 0.344 0.313 0.305 0.209 0.134 0.210 0.179 0.258 0.131 0.196 0.659 0.752 0.441 0.331 0.298 0.432 0.420 0.952 0.691 0.602 0.459 0.591 0.816 0.789 0.790 0.689 0.156 0.031 0.042 0.365 0.468 0.565 0.438 0.406 0.400 0.394 0.525 0.520 0.425 0.439 0.244 0.162 0.172 0.156 0.114 0.315 0.295 0.597 0.164 0.262 0.062 0.049 0.319 0.174 0.921 0.055 0.105 0.151 0.145 0.159 0.717 0.945 0.766 0.742 0.702 0.647 0.417 1.325 0.371 0.182 0.146 0.283 0.323 0.359
0.400 0.344 0.350 0.376 0.301 0.274 0.208 0.292 0.281 0.313 0.326 0.443 0.579 0.711 0.822 0.826 0.852 0.857 0.835 0.974 0.710 0.595 0.477 0.633 1.189 0.895 0.578 0.720 0.812 0.691 0.256 0.621 0.549 0.467 0.375 0.420 0.351 0.314 0.307 0.334 0.282 1.468 0.140 0.185 0.273 0.279 0.315 0.412 0.477 0.435 0.228 1.532 0.378 0.358 0.654 0.785 0.825 0.147 0.029 0.122 0.751 0.778 0.715 0.762 0.635 0.385 1.202 0.299 0.355 0.091 0.063 0.189 0.126 0.215 0.493 0.491
0.187 0.268 0.109 0.306 0.212 0.358 0.432 0.490 0.429 0.442 0.496 0.597 0.625 0.659 0.729 0.658 0.579 0.642 0.718 0.805 0.838 0.603 0.603 0.610 0.588 0.391 0.836 0.805 0.527 0.452 0.477 0.569 0.380 0.444 0.346 0.095 0.126 1.295 0.213 1.357 0.026 0.029 0.125 0.514 0.441 0.362 0.398 0.450 0.568 0.594 0.741 0.580 0.578 1.517 0.604 0.787 0.501 0.118 0.848 0.883 0.816 0.815 0.797 0.839 1.020 0.250 0.028 0.049 0.021 0.016 0.163 0.224 0.201 0.616 0.420 0.593
0.027 0.054 0.098 0.174 0.263 0.376 0.435 0.397 0.493 0.488 0.515 0.553 0.603 0.736 0.450 0.541 0.616 0.650 0.719 0.820 0.708 0.307 0.027 0.025 0.039 0.132 0.161 0.226 0.275 0.408 0.528 0.432 0.286 0.166 0.121 1.840 1.282 0.214 0.167 0.105 0.235 0.262 0.356 0.585 0.550 0.426 0.441 0.586 0.548 0.698 0.806 0.843 0.841 0.758 1.429 0.747 0.730 0.631 0.928 0.934 0.865 0.808 0.636 1.195 0.064 0.529 0.145 0.011 0.023 0.304 0.107 0.356 0.883 0.404 0.390 0.544
0.051 0.027 0.097 0.039 0.044 0.184 0.251 0.311 0.382 0.503 0.575 0.659 0.701 0.454 0.204 0.406 0.484 0.639 0.666 0.677 0.159 0.025 0.021 0.142 0.149 0.113 0.192 0.170 0.050 0.415 0.222 2.050 0.632 0.223 0.125 0.156 0.042 0.399 0.422 0.097 0.113 0.299 0.407 0.432 0.582 0.479 0.493 0.611 0.864 0.869 0.737 0.722 0.917 0.793 0.765 0.719 0.666 0.814 0.932 0.919 0.732 0.973 1.753 0.486 0.382 0.049 0.035 0.059 0.109 0.095 0.152 0.618 0.329 0.019 0.447 0.517
0.107 0.030 0.139 0.083 0.105 0.168 0.236 0.025 0.055 0.167 0.319 0.270 0.172 0.155 0.027 0.074 0.095 0.230 0.050 0.023 0.021 0.042 0.100 0.164 0.036 0.032 0.262 0.686 0.680 0.448 2.069 0.300 0.481 0.442 0.438 0.185 0.363 0.203 0.277 0.128 0.164 0.169 0.204 0.296 0.339 0.247 0.542 0.596 0.578 0.708 0.544 0.571 0.704 0.703 1.696 0.411 0.716 0.886 0.564 1.417 0.256 0.179 0.425 0.485 0.125 0.016 0.055 0.050 0.051 0.073 0.651 0.106 0.426 0.447 0.515 0.482
0.219 0.161 0.219 0.203 0.230 0.254 0.272 0.040 0.032 0.041 0.049 0.064 0.053 0.148 0.022 0.083 0.094 0.061 0.027 0.078 0.090 0.152 0.053 0.047 0.062 0.077 0.660 0.727 0.544 1.817 0.469 0.194 0.157 0.087 0.322 0.361 0.373 0.304 0.234 0.382 0.834 0.255 0.333 0.289 0.460 0.396 0.428 0.488 0.522 0.523 0.142 0.064 0.055 0.034 0.039 1.843 1.071 1.095 0.053 0.053 0.074 0.122 0.356 0.943 0.292 0.217 0.161 0.047 0.031 0.052 0.107 0.132 0.151 0.647 0.474 0.351
0.178 0.106 0.272 0.159 0.108 0.250 0.239 0.169 0.087 0.039 0.034 0.052 0.040 0.307 0.118 0.061 0.039 0.159 0.222 0.193 0.203 0.126 0.054 0.063 0.476 0.634 0.736 0.583 2.101 0.136 0.104 0.088 0.289 0.343 0.570 0.389 0.330 0.157 0.161 0.272 0.366 0.443 0.488 0.118 0.191 0.424 0.346 0.461 0.050 0.032 0.028 0.072 0.069 0.041 0.049 0.046 0.053 0.060 0.057 0.085 0.094 0.096 0.142 0.632 0.525 0.360 0.071 0.023 0.045 0.059 0.093 0.147 0.166 0.428 0.497 0.055
0.175 0.180 0.239 0.270 0.030 0.030 0.131 0.233 0.106 0.024 0.026 0.028 0.055 0.064 0.162 0.085 0.243 0.299 0.133 0.230 0.191 0.130 0.166 0.531 0.485 0.474 0.518 1.897 0.117 0.272 0.270 0.260 0.345 0.404 0.491 0.402 0.385 0.222 0.199 0.275 0.230 0.051 0.077 0.078 0.094 0.055 0.040 0.031 0.025 0.028 0.044 0.099 0.044 0.057 0.057 0.062 0.066 0.078 0.071 0.082 0.089 0.109 0.129 0.460 0.752 0.289 0.048 0.049 0.041 0.064 0.080 0.190 0.242 0.728 0.159 0.030
0.441 0.184 0.219 0.141 0.029 0.064 0.096 0.092 0.165 0.061 0.040 0.041 0.066 0.021 0.107 0.259 0.154 0.042 0.038 0.033 0.044 0.506 0.502 0.656 0.724 0.640 2.173 0.070 0.051 0.299 0.317 0.157 0.210 0.269 0.324 0.327 0.183 0.279 0.346 0.162 0.027 0.038 0.035 0.037 0.041 0.034 0.031 0.031 0.030 0.043 0.055 0.076 0.039 0.059 0.065 0.070 0.066 0.080 0.087 0.084 0.088 0.102 0.101 0.275 1.140 0.926 0.047 0.026 0.051 0.053 0.136 0.340 0.906 0.487 0.044 0.024
