module/lisflood/temp/results/res-0002.elev
ncols         76
nrows         48
xllcorner     422950.000000
yllcorner     197600.000000
cellsize      50.000000
NODATA_value  -9999.000000
[rows 0 to 31 of 48, columns 0 to 70 of 76]
75.047 74.672 74.552 74.445 74.344 74.275 74.182 74.093 74.007 73.903 73.804 73.716 73.663 73.645 73.575 73.486 73.390 73.300 73.239 73.198 73.112 73.026 72.937 72.848 72.758 72.663 72.565 72.456 72.345 72.237 72.128 72.003 71.876 71.752 71.636 71.543 71.484 71.450 71.428 71.408 71.387 71.366 71.345 71.324 71.303 71.282 71.261 71.241 71.221 71.201 71.182 71.164 71.146 71.129 71.112 71.096 71.081 71.067 71.053 71.040 71.027 71.016 71.005 70.995 70.985 70.977 70.969 70.962 70.956 70.950 70.946
74.924 74.556 74.448 74.343 74.253 74.204 74.138 74.050 73.949 73.855 73.764 73.684 73.634 73.599 73.535 73.462 73.374 73.283 73.202 73.145 73.096 73.012 72.926 72.838 72.748 72.656 72.558 72.454 72.342 72.231 72.121 72.005 71.877 71.752 71.635 71.543 71.485 71.453 71.432 71.411 71.389 71.368 71.347 71.325 71.304 71.283 71.262 71.242 71.222 71.202 71.183 71.165 71.147 71.130 71.113 71.097 71.082 71.068 71.054 71.041 71.028 71.017 71.006 70.996 70.986 70.978 70.970 70.963 70.957 70.951 70.947
74.796 74.429 74.333 74.235 74.150 74.105 74.057 73.994 73.914 73.824 73.736 73.656 73.595 73.545 73.457 73.413 73.339 73.256 73.171 73.093 73.038 72.985 72.904 72.819 72.730 72.640 72.547 72.445 72.339 72.226 72.113 72.000 71.881 71.754 71.635 71.544 71.488 71.458 71.437 71.415 71.393 71.371 71.350 71.328 71.307 71.285 71.265 71.244 71.224 71.205 71.186 71.167 71.149 71.132 71.115 71.100 71.084 71.070 71.056 71.043 71.030 71.019 71.008 70.998 70.989 70.980 70.972 70.965 70.959 70.953 70.949
74.666 74.297 74.211 74.120 74.043 73.999 73.955 73.909 73.851 73.778 73.698 73.618 73.545 73.477 73.391 73.331 73.286 73.215 73.136 73.055 72.978 72.926 72.870 72.791 72.706 72.618 72.527 72.432 72.329 72.221 72.106 71.993 71.879 71.759 71.638 71.546 71.493 71.466 71.443 71.421 71.399 71.376 71.354 71.332 71.311 71.289 71.268 71.248 71.228 71.208 71.189 71.170 71.153 71.135 71.119 71.103 71.087 71.073 71.059 71.046 71.034 71.022 71.011 71.001 70.992 70.983 70.975 70.968 70.962 70.957 70.952
74.535 74.163 74.086 74.001 73.932 73.892 73.849 73.806 73.759 73.698 73.647 73.571 73.488 73.400 73.320 73.254 73.210 73.161 73.091 73.016 72.936 72.861 72.811 72.753 72.675 72.590 72.501 72.409 72.314 72.210 72.102 71.989 71.875 71.760 71.643 71.551 71.500 71.475 71.451 71.428 71.405 71.383 71.360 71.338 71.316 71.294 71.273 71.253 71.232 71.213 71.193 71.175 71.157 71.139 71.123 71.107 71.091 71.077 71.063 71.050 71.038 71.026 71.015 71.005 70.996 70.987 70.979 70.973 70.966 70.961 70.956
74.403 74.028 73.960 73.888 73.823 73.782 73.743 73.703 73.665 73.612 73.566 73.510 73.413 73.329 73.256 73.205 73.139 73.090 73.037 72.967 72.894 72.816 72.742 72.693 72.633 72.555 72.471 72.382 72.290 72.195 72.093 71.989 71.875 71.758 71.648 71.557 71.510 71.485 71.461 71.437 71.413 71.390 71.367 71.345 71.323 71.301 71.279 71.258 71.238 71.218 71.199 71.180 71.162 71.145 71.128 71.112 71.097 71.082 71.068 71.055 71.043 71.031 71.020 71.010 71.001 70.992 70.985 70.978 70.972 70.966 70.962
74.272 73.892 73.832 73.766 73.713 73.674 73.635 73.601 73.568 73.521 73.480 73.428 73.370 73.267 73.195 73.138 73.096 73.024 72.968 72.911 72.842 72.771 72.695 72.623 72.573 72.512 72.434 72.351 72.263 72.174 72.083 71.988 71.881 71.761 71.650 71.564 71.522 71.496 71.471 71.447 71.423 71.399 71.376 71.353 71.330 71.308 71.287 71.265 71.245 71.225 71.205 71.186 71.168 71.151 71.134 71.118 71.103 71.088 71.074 71.061 71.049 71.037 71.027 71.017 71.007 70.999 70.991 70.984 70.978 70.973 70.968
74.140 73.756 73.703 73.644 73.596 73.565 73.529 73.496 73.468 73.425 73.384 73.338 73.285 73.230 73.143 73.097 73.043 72.983 72.898 72.840 72.782 72.716 72.650 72.576 72.504 72.453 72.391 72.311 72.234 72.151 72.069 71.990 71.888 71.772 71.654 71.571 71.533 71.507 71.482 71.458 71.433 71.409 71.386 71.362 71.339 71.317 71.295 71.273 71.252 71.232 71.213 71.194 71.175 71.158 71.141 71.125 71.110 71.095 71.081 71.068 71.056 71.044 71.034 71.024 71.015 71.006 70.998 70.992 70.985 70.980 70.975
74.008 73.619 73.573 73.520 73.478 73.449 73.421 73.392 73.364 73.320 73.261 73.234 73.193 73.147 73.104 73.046 72.986 72.912 72.838 72.767 72.710 72.653 72.590 72.530 72.457 72.387 72.335 72.263 72.201 72.131 72.056 71.996 71.896 71.780 71.667 71.579 71.544 71.519 71.494 71.470 71.445 71.421 71.397 71.373 71.349 71.326 71.304 71.282 71.261 71.241 71.221 71.202 71.184 71.166 71.149 71.133 71.118 71.103 71.089 71.076 71.064 71.053 71.042 71.032 71.023 71.015 71.007 71.000 70.994 70.989 70.984
73.876 73.483 73.442 73.391 73.356 73.333 73.309 73.285 73.259 73.218 73.165 73.127 73.100 73.056 73.013 72.962 72.916 72.847 72.775 72.705 72.637 72.582 72.528 72.469 72.413 72.344 72.279 72.230 72.159 72.114 72.054 72.000 71.905 71.788 71.676 71.591 71.558 71.532 71.508 71.483 71.458 71.433 71.409 71.384 71.360 71.337 71.314 71.292 71.271 71.250 71.230 71.211 71.193 71.175 71.158 71.142 71.127 71.112 71.098 71.086 71.073 71.062 71.051 71.041 71.032 71.024 71.016 71.010 71.004 70.998 70.994
73.745 73.348 73.312 73.262 73.232 73.216 73.197 73.176 73.153 73.117 73.071 73.042 73.010 72.965 72.922 72.877 72.833 72.779 72.709 72.639 72.574 72.513 72.463 72.413 72.358 72.310 72.248 72.188 72.144 72.096 72.060 72.010 71.907 71.799 71.679 71.605 71.577 71.549 71.524 71.499 71.473 71.447 71.422 71.397 71.373 71.349 71.326 71.303 71.282 71.261 71.241 71.221 71.203 71.185 71.168 71.152 71.137 71.122 71.109 71.096 71.084 71.072 71.062 71.052 71.043 71.035 71.027 71.020 71.014 71.009 71.005
73.613 73.216 73.185 73.143 73.116 73.102 73.090 73.071 73.050 73.020 72.979 72.952 72.919 72.873 72.831 72.790 72.735 72.698 72.642 72.571 72.509 72.456 72.406 72.362 72.319 72.270 72.228 72.175 72.129 72.088 72.054 72.021 71.959 71.736 71.706 71.658 71.596 71.571 71.544 71.517 71.490 71.463 71.436 71.411 71.386 71.361 71.338 71.315 71.293 71.272 71.252 71.232 71.214 71.196 71.179 71.163 71.148 71.133 71.120 71.107 71.095 71.084 71.073 71.063 71.054 71.046 71.039 71.032 71.026 71.021 71.017
73.482 73.100 73.070 73.033 73.010 72.997 72.986 72.970 72.952 72.928 72.904 72.861 72.826 72.782 72.742 72.706 72.666 72.604 72.562 72.491 72.445 72.403 72.366 72.327 72.288 72.249 72.207 72.166 72.119 72.079 72.042 72.002 71.954 71.855 71.720 71.691 71.641 71.597 71.565 71.536 71.507 71.479 71.451 71.425 71.399 71.374 71.351 71.327 71.305 71.284 71.263 71.244 71.225 71.208 71.191 71.175 71.159 71.145 71.132 71.119 71.107 71.096 71.086 71.076 71.067 71.059 71.052 71.045 71.039 71.034 71.030
73.353 73.036 72.975 72.934 72.913 72.900 72.889 72.874 72.857 72.836 72.812 72.777 72.725 72.695 72.655 72.610 72.583 72.535 72.486 72.435 72.402 72.368 72.338 72.307 72.271 72.234 72.194 72.155 72.114 72.073 72.034 71.989 71.918 71.850 71.766 71.710 71.666 71.625 71.589 71.556 71.525 71.496 71.467 71.440 71.414 71.388 71.364 71.341 71.318 71.297 71.276 71.257 71.238 71.220 71.203 71.187 71.172 71.158 71.145 71.132 71.120 71.109 71.099 71.090 71.081 71.073 71.066 71.059 71.053 71.048 71.044
73.230 73.074 72.845 72.830 72.819 72.810 72.799 72.784 72.769 72.750 72.727 72.692 72.658 72.622 72.586 72.549 72.519 72.491 72.437 72.404 72.378 72.350 72.321 72.291 72.256 72.220 72.183 72.145 72.106 72.065 72.030 71.979 71.908 71.843 71.782 71.733 71.688 71.647 71.610 71.575 71.543 71.513 71.483 71.455 71.429 71.403 71.378 71.354 71.332 71.310 71.289 71.270 71.251 71.233 71.217 71.201 71.186 71.172 71.159 71.146 71.135 71.124 71.114 71.105 71.096 71.088 71.081 71.074 71.069 71.064 71.059
73.100 72.905 72.753 72.745 72.738 72.731 72.721 72.708 72.693 72.676 72.654 72.622 72.593 72.565 72.538 72.512 72.493 72.459 72.415 72.388 72.363 72.336 72.307 72.277 72.244 72.208 72.172 72.135 72.096 72.056 72.014 71.965 71.910 71.852 71.800 71.752 71.708 71.667 71.629 71.594 71.561 71.530 71.500 71.471 71.444 71.418 71.393 71.369 71.346 71.324 71.303 71.284 71.265 71.247 71.231 71.215 71.201 71.187 71.174 71.162 71.150 71.140 71.130 71.121 71.112 71.104 71.097 71.091 71.085 71.080 71.076
72.967 72.745 72.695 72.692 72.686 72.676 72.664 72.650 72.635 72.618 72.598 72.572 72.549 72.529 72.510 72.490 72.469 72.437 72.401 72.376 72.350 72.323 72.295 72.266 72.233 72.195 72.162 72.125 72.088 72.048 72.006 71.960 71.912 71.861 71.813 71.768 71.725 71.685 71.647 71.612 71.578 71.546 71.516 71.487 71.459 71.433 71.408 71.384 71.361 71.339 71.318 71.298 71.280 71.262 71.246 71.230 71.216 71.202 71.190 71.178 71.167 71.156 71.147 71.138 71.129 71.122 71.115 71.109 71.103 71.098 71.094
72.838 72.657 72.655 72.657 72.653 72.644 72.630 72.611 72.593 72.577 72.560 72.541 72.525 72.508 72.489 72.469 72.447 72.420 72.390 72.364 72.338 72.311 72.283 72.254 72.222 72.188 72.154 72.119 72.082 72.043 72.002 71.959 71.915 71.869 71.824 71.781 71.740 71.701 71.664 71.628 71.595 71.563 71.532 71.503 71.475 71.448 71.423 71.399 71.376 71.354 71.333 71.313 71.295 71.278 71.262 71.246 71.232 71.219 71.207 71.195 71.184 71.174 71.165 71.156 71.148 71.141 71.134 71.127 71.122 71.117 71.113
72.715 72.625 72.628 72.631 72.625 72.617 72.601 72.579 72.565 72.550 72.535 72.521 72.505 72.488 72.470 72.451 72.429 72.405 72.379 72.353 72.328 72.301 72.273 72.244 72.214 72.181 72.148 72.114 72.078 72.040 72.001 71.961 71.919 71.877 71.835 71.794 71.754 71.716 71.680 71.645 71.611 71.579 71.548 71.519 71.491 71.464 71.439 71.414 71.391 71.369 71.349 71.329 71.311 71.294 71.278 71.263 71.249 71.237 71.225 71.214 71.203 71.194 71.185 71.176 71.168 71.160 71.154 71.147 71.142 71.137 71.133
72.608 72.601 72.609 72.616 72.610 72.594 72.565 72.552 72.540 72.528 72.515 72.501 72.486 72.470 72.453 72.434 72.413 72.391 72.367 72.343 72.318 72.292 72.265 72.236 72.207 72.176 72.143 72.110 72.075 72.039 72.002 71.963 71.924 71.884 71.845 71.806 71.768 71.731 71.695 71.660 71.627 71.595 71.565 71.535 71.507 71.480 71.455 71.430 71.407 71.385 71.365 71.345 71.327 71.311 71.295 71.281 71.267 71.255 71.244 71.233 71.223 71.214 71.205 71.197 71.189 71.182 71.175 71.169 71.163 71.159 71.155
72.520 72.520 72.542 72.608 72.591 72.552 72.529 72.524 72.516 72.507 72.495 72.483 72.469 72.454 72.437 72.419 72.400 72.379 72.357 72.333 72.309 72.284 72.257 72.230 72.201 72.171 72.140 72.108 72.074 72.040 72.004 71.967 71.930 71.892 71.855 71.817 71.781 71.745 71.710 71.676 71.643 71.612 71.581 71.552 71.523 71.496 71.471 71.446 71.423 71.401 71.381 71.362 71.344 71.328 71.313 71.299 71.286 71.275 71.264 71.254 71.245 71.236 71.228 71.220 71.212 71.204 71.198 71.191 71.186 71.181 71.177
72.486 72.492 72.485 72.478 72.479 72.486 72.499 72.499 72.494 72.487 72.477 72.466 72.453 72.439 72.423 72.406 72.388 72.368 72.347 72.325 72.301 72.277 72.252 72.225 72.197 72.168 72.138 72.107 72.075 72.042 72.008 71.973 71.937 71.901 71.865 71.829 71.794 71.759 71.725 71.692 71.659 71.628 71.597 71.568 71.540 71.513 71.487 71.463 71.440 71.418 71.398 71.379 71.361 71.345 71.331 71.318 71.306 71.295 71.285 71.276 71.267 71.259 71.252 71.244 71.236 71.229 71.222 71.215 71.209 71.205 71.201
72.471 72.475 72.473 72.471 72.470 72.473 72.479 72.479 72.476 72.469 72.461 72.451 72.439 72.426 72.411 72.395 72.378 72.359 72.339 72.318 72.295 72.272 72.247 72.221 72.195 72.167 72.138 72.108 72.077 72.045 72.012 71.979 71.945 71.911 71.876 71.842 71.808 71.774 71.740 71.708 71.676 71.644 71.614 71.585 71.556 71.529 71.504 71.479 71.456 71.435 71.415 71.396 71.379 71.363 71.349 71.337 71.326 71.316 71.307 71.299 71.292 71.285 71.277 71.270 71.262 71.254 71.247 71.240 71.234 71.230 71.226
72.463 72.464 72.463 72.462 72.462 72.463 72.464 72.464 72.460 72.454 72.447 72.437 72.427 72.414 72.400 72.385 72.369 72.351 72.332 72.312 72.290 72.268 72.244 72.219 72.194 72.167 72.139 72.110 72.080 72.050 72.019 71.987 71.954 71.921 71.888 71.855 71.822 71.789 71.756 71.724 71.692 71.661 71.631 71.602 71.573 71.546 71.521 71.496 71.473 71.452 71.432 71.413 71.397 71.382 71.368 71.357 71.347 71.338 71.330 71.324 71.318 71.312 71.305 71.298 71.290 71.282 71.274 71.266 71.259 71.255 71.252
72.454 72.455 72.454 72.454 72.453 72.453 72.453 72.451 72.447 72.442 72.435 72.426 72.416 72.404 72.391 72.377 72.362 72.345 72.327 72.307 72.287 72.265 72.243 72.219 72.194 72.168 72.141 72.114 72.085 72.056 72.026 71.995 71.964 71.933 71.901 71.869 71.837 71.805 71.773 71.741 71.709 71.678 71.648 71.619 71.590 71.563 71.537 71.513 71.490 71.469 71.449 71.431 71.414 71.400 71.387 71.377 71.368 71.361 71.355 71.350 71.345 71.341 71.335 71.329 71.321 71.312 71.302 71.292 71.285 71.281 71.279
72.447 72.446 72.446 72.446 72.445 72.444 72.443 72.440 72.436 72.431 72.425 72.417 72.407 72.396 72.384 72.371 72.356 72.340 72.323 72.305 72.285 72.264 72.242 72.220 72.196 72.171 72.145 72.118 72.091 72.063 72.035 72.005 71.976 71.946 71.915 71.884 71.853 71.822 71.790 71.759 71.727 71.696 71.666 71.636 71.608 71.581 71.555 71.530 71.507 71.486 71.466 71.448 71.432 71.418 71.406 71.397 71.389 71.384 71.380 71.377 71.375 71.373 71.369 71.363 71.355 71.344 71.332 71.319 71.309 71.305 71.307
72.440 72.439 72.439 72.438 72.437 72.436 72.434 72.431 72.428 72.423 72.416 72.409 72.400 72.390 72.379 72.366 72.352 72.337 72.321 72.304 72.285 72.265 72.244 72.222 72.199 72.175 72.150 72.125 72.098 72.072 72.044 72.017 71.988 71.960 71.930 71.901 71.870 71.840 71.809 71.777 71.746 71.715 71.684 71.654 71.625 71.598 71.572 71.547 71.524 71.503 71.483 71.465 71.449 71.436 71.425 71.417 71.411 71.407 71.406 71.406 71.407 71.408 71.407 71.402 71.393 71.380 71.363 71.345 71.330 71.327 71.337
72.433 72.433 72.433 72.432 72.431 72.429 72.427 72.424 72.421 72.416 72.410 72.403 72.395 72.386 72.375 72.363 72.350 72.336 72.321 72.304 72.286 72.267 72.247 72.226 72.203 72.180 72.156 72.132 72.107 72.081 72.055 72.029 72.002 71.975 71.947 71.918 71.889 71.859 71.829 71.797 71.765 71.734 71.703 71.673 71.643 71.615 71.589 71.564 71.541 71.520 71.500 71.482 71.466 71.453 71.443 71.436 71.432 71.430 71.432 71.436 71.442 71.447 71.449 71.447 71.438 71.422 71.400 71.369 71.360 71.371 71.375
72.428 72.428 72.427 72.426 72.425 72.424 72.422 72.419 72.415 72.411 72.405 72.399 72.391 72.383 72.373 72.362 72.350 72.337 72.322 72.306 72.289 72.271 72.251 72.231 72.209 72.187 72.164 72.141 72.117 72.092 72.068 72.043 72.017 71.991 71.965 71.938 71.910 71.881 71.850 71.819 71.786 71.754 71.722 71.691 71.661 71.633 71.606 71.581 71.558 71.537 71.517 71.498 71.482 71.469 71.459 71.454 71.451 71.452 71.457 71.466 71.478 71.490 71.499 71.501 71.492 71.471 71.447 72.595 71.433 71.425 71.416
72.424 72.423 72.423 72.422 72.421 72.419 72.417 72.415 72.411 72.407 72.402 72.396 72.389 72.382 72.373 72.363 72.351 72.339 72.325 72.310 72.294 72.276 72.257 72.238 72.217 72.195 72.173 72.150 72.127 72.104 72.081 72.057 72.034 72.009 71.985 71.959 71.933 71.905 71.874 71.842 71.809 71.775 71.742 71.710 71.680 71.651 71.623 71.598 71.575 71.554 71.534 71.514 71.497 71.483 71.474 71.470 71.470 71.473 71.481 71.495 71.516 71.538 71.557 71.568 71.561 71.523 71.529 71.526 71.478 71.454 71.450
72.420 72.420 72.420 72.419 72.418 72.416 72.414 72.412 72.409 72.405 72.400 72.395 72.389 72.382 72.374 72.365 72.355 72.343 72.330 72.316 72.301 72.284 72.265 72.246 72.225 72.204 72.183 72.161 72.139 72.117 72.095 72.073 72.051 72.029 72.006 71.983 71.959 71.932 71.902 71.868 71.832 71.797 71.762 71.729 71.698 71.668 71.640 71.615 71.593 71.571 71.553 71.530 71.510 71.494 71.486 71.485 71.486 71.490 71.500 71.519 71.556 71.592 71.626 71.652 71.667 71.697 71.676 71.610 71.521 71.475 71.480
72.418 72.418 72.417 72.416 72.415 72.414 72.412 72.410 72.407 72.404 72.400 72.396 72.390 72.384 72.377 72.369 72.360 72.349 72.337 72.324 72.309 72.293 72.275 72.256 72.235 72.215 72.193 72.172 72.151 72.131 72.111 72.090 72.070 72.049 72.029 72.008 71.988 71.964 71.934 71.898 71.858 71.818 71.782 71.748 71.716 71.684 71.655 71.631 71.610 71.588 71.579 72.396 73.207 73.353 72.904 71.500 71.500 71.505 71.513 71.587 71.612 71.648 71.706 71.749 71.781 71.819 71.797 71.754 71.942 71.662 71.548
