module/lisflood/temp/results/res.dem
ncols         76
nrows         48
xllcorner     422950.000000
yllcorner     197600.000000
cellsize      50.000000
NODATA_value  -9999.000000
[rows 0 to 31 of 48, columns 0 to 70 of 76]
75.000 74.596 74.468 74.358 74.249 74.182 74.079 73.984 73.903 73.796 73.691 73.587 73.484 73.552 73.476 73.375 73.265 73.156 73.098 73.086 72.988 72.891 72.793 72.696 72.601 72.497 72.394 72.262 72.132 72.022 71.917 71.763 71.611 71.465 71.321 71.184 71.049 70.930 70.682 70.596 70.591 70.481 70.482 70.439 70.389 70.361 70.324 70.284 70.250 70.240 70.230 70.216 70.192 70.158 70.133 70.100 70.069 70.064 70.060 70.056 70.051 70.051 70.000 69.853 69.843 69.827 69.801 69.731 69.527 69.555 69.473
74.868 74.453 74.332 74.216 74.110 74.073 74.010 73.912 73.791 73.685 73.581 73.479 73.378 73.449 73.396 73.321 73.223 73.112 73.004 72.959 72.943 72.849 72.752 72.654 72.557 72.462 72.358 72.255 72.119 71.986 71.874 71.770 71.609 71.452 71.301 71.153 71.013 70.876 70.744 70.531 70.453 70.440 70.385 70.346 70.303 70.271 70.241 70.198 70.167 70.160 70.153 70.144 70.128 70.096 70.066 70.050 70.000 70.000 70.000 70.000 70.000 70.000 70.000 69.840 69.706 69.767 69.729 69.702 69.446 69.418 69.391
74.737 74.311 74.197 74.083 73.970 73.935 73.899 73.839 73.751 73.643 73.537 73.432 73.330 73.347 73.242 73.240 73.166 73.071 72.960 72.852 72.820 72.800 72.711 72.616 72.518 72.421 72.326 72.221 72.117 71.976 71.838 71.726 71.622 71.453 71.288 71.131 70.979 70.835 70.696 70.558 70.382 70.313 70.289 70.257 70.212 70.180 70.160 70.120 70.083 70.080 70.077 70.072 70.064 70.048 70.000 70.000 70.000 69.919 69.856 69.837 69.829 69.823 69.727 69.724 69.680 69.559 69.657 69.636 69.365 69.428 69.454
74.605 74.169 74.061 73.949 73.838 73.796 73.762 73.727 73.674 73.597 73.497 73.391 73.286 73.244 73.141 73.092 73.084 73.011 72.920 72.809 72.700 72.681 72.658 72.573 72.480 72.381 72.285 72.190 72.083 71.979 71.832 71.688 71.575 71.472 71.292 71.118 70.954 70.795 70.626 70.500 70.372 70.234 70.193 70.171 70.128 70.090 70.080 70.060 70.000 70.000 70.000 70.000 70.000 70.000 70.000 69.890 69.900 69.825 69.758 69.750 69.676 69.661 69.651 69.607 69.513 69.520 69.413 69.591 69.283 69.379 69.474
74.474 74.027 73.926 73.811 73.702 73.665 73.625 73.592 73.556 73.485 73.447 73.353 73.246 73.141 73.040 72.940 72.941 72.929 72.857 72.769 72.658 72.549 72.543 72.516 72.436 72.343 72.245 72.148 72.054 71.946 71.840 71.685 71.534 71.421 71.272 71.086 70.905 70.740 70.579 70.418 70.306 70.186 70.096 70.086 70.064 70.000 70.000 70.000 70.000 70.000 70.000 69.831 69.797 69.850 69.856 69.784 69.693 69.604 69.551 69.657 69.586 69.517 69.498 69.491 69.409 69.329 69.360 69.268 69.359 69.450 69.580
74.342 73.885 73.790 73.691 73.579 73.530 73.495 73.456 73.438 73.373 73.341 73.299 73.143 73.040 72.938 72.902 72.802 72.791 72.774 72.703 72.619 72.507 72.398 72.405 72.376 72.296 72.207 72.109 72.012 71.919 71.808 71.701 71.535 71.374 71.260 71.074 70.878 70.687 70.493 70.355 70.209 70.153 70.000 70.000 70.000 70.000 69.784 69.784 69.734 69.695 69.695 69.593 69.664 69.700 69.715 69.694 69.631 69.544 69.458 69.480 69.493 69.424 69.362 69.375 69.354 69.279 69.205 69.200 69.200 69.461 69.580
74.211 73.742 73.654 73.556 73.461 73.407 73.361 73.327 73.319 73.261 73.235 73.193 73.152 72.937 72.839 72.741 72.765 72.658 72.642 72.619 72.549 72.470 72.358 72.248 72.268 72.236 72.156 72.071 71.973 71.877 71.784 71.670 71.561 71.379 71.203 71.030 70.878 70.667 70.461 70.247 70.333 70.000 70.000 69.887 70.050 70.213 69.890 69.567 69.410 69.553 69.390 69.786 69.497 69.550 69.547 69.606 69.546 69.495 69.409 69.326 69.398 69.328 69.265 69.259 69.320 69.380 69.267 69.463 69.040 69.321 69.418
74.079 73.600 73.519 73.423 73.330 73.289 73.239 73.195 73.201 73.149 73.129 73.088 73.040 73.006 72.739 72.644 72.551 72.628 72.514 72.492 72.464 72.397 72.329 72.215 72.104 72.131 72.099 72.015 71.935 71.838 71.743 71.651 71.531 71.419 71.215 71.015 70.799 70.674 70.449 70.225 70.000 70.000 70.088 69.952 69.817 69.880 70.088 69.452 70.088 69.410 69.546 69.525 69.572 69.400 69.482 69.534 69.462 69.554 69.509 69.400 69.293 69.235 69.166 69.143 69.259 69.344 69.430 69.515 69.720 69.504 69.062
73.948 73.458 73.383 73.292 73.202 73.159 73.120 73.073 73.082 73.037 72.930 72.967 72.928 72.891 72.864 72.773 72.665 72.559 72.459 72.371 72.342 72.310 72.246 72.188 72.072 71.959 71.997 71.908 71.875 71.799 71.641 71.631 71.534 71.400 71.281 71.043 70.806 70.568 70.693 70.661 70.526 70.401 70.203 69.661 69.880 69.515 69.640 69.796 69.775 69.588 69.702 69.650 69.535 69.358 69.410 69.491 69.558 69.586 69.609 69.501 69.359 69.220 69.073 69.026 69.127 69.283 69.223 69.321 69.472 69.493 69.115
73.816 73.316 73.247 73.151 73.066 73.032 72.992 72.955 72.964 72.925 72.821 72.778 72.816 72.775 72.745 72.674 72.621 72.513 72.408 72.313 72.227 72.193 72.157 72.097 72.048 71.929 71.813 71.866 71.719 71.735 71.540 71.548 71.514 71.416 71.318 71.099 71.016 70.828 70.891 70.776 70.713 70.495 70.411 70.411 69.963 70.599 70.015 69.734 69.661 69.671 69.681 69.567 69.525 69.473 69.431 69.390 69.525 69.671 69.709 69.580 69.453 69.272 69.551 68.910 69.137 69.407 69.331 69.515 69.482 69.407 69.051
73.685 73.173 73.112 73.006 72.916 72.898 72.866 72.828 72.846 72.813 72.710 72.669 72.705 72.659 72.626 72.574 72.538 72.470 72.362 72.256 72.166 72.083 72.045 72.007 71.939 71.907 71.784 71.665 71.656 71.531 71.438 71.705 71.454 71.594 71.287 71.120 71.094 70.984 70.870 70.760 70.651 70.651 70.557 70.359 70.036 70.197 69.723 69.723 69.786 69.848 69.880 69.973 70.025 69.202 69.098 69.098 69.306 69.098 69.148 69.094 69.223 69.159 69.169 69.882 69.741 69.785 69.709 69.418 69.450 69.461 69.385
73.553 73.031 72.976 72.874 72.775 72.753 72.750 72.703 72.727 72.701 72.593 72.559 72.593 72.544 72.508 72.474 72.376 72.386 72.318 72.211 72.106 72.020 71.940 71.898 71.860 71.782 71.766 71.639 71.514 71.445 71.347 71.454 71.871 71.328 71.183 71.360 71.005 70.724 70.661 70.703 70.651 70.588 70.421 70.255 70.359 69.796 69.900 70.109 69.937 69.911 69.869 69.666 69.911 69.640 69.296 69.275 69.348 69.421 68.986 69.159 69.979 69.752 69.526 69.472 69.439 69.741 69.741 69.461 69.428 69.385 69.299
73.422 72.889 72.841 72.745 72.649 72.615 72.633 72.587 72.609 72.590 72.559 72.450 72.481 72.428 72.389 72.375 72.341 72.242 72.235 72.095 72.007 71.922 71.873 71.797 71.754 71.700 71.626 71.626 71.495 71.365 71.235 71.162 70.995 71.704 71.047 70.964 71.089 70.995 70.703 70.912 70.724 70.828 70.390 70.432 69.890 70.015 69.786 70.036 69.973 70.151 69.911 69.880 69.452 69.463 69.421 69.431 69.431 69.848 69.795 69.677 69.601 69.526 69.633 69.666 69.601 69.785 69.785 69.925 69.817 69.585 69.353
73.290 72.747 72.705 72.623 72.534 72.492 72.517 72.472 72.491 72.478 72.458 72.397 72.292 72.312 72.270 72.164 72.242 72.148 72.103 71.980 71.909 71.825 71.740 71.726 71.656 71.611 71.540 71.503 71.485 71.464 71.360 71.391 70.953 70.724 71.141 70.901 70.474 70.557 70.766 70.724 70.797 70.349 70.755 69.994 69.869 69.806 69.609 69.827 70.130 69.848 69.817 69.827 69.692 69.567 69.431 69.598 69.494 70.276 69.785 69.795 69.752 69.698 69.720 69.752 69.558 69.428 69.482 69.628 69.277 69.536 69.127
73.159 73.012 72.569 72.489 72.416 72.377 72.401 72.356 72.372 72.366 72.356 72.294 72.228 72.196 72.151 72.052 71.956 72.114 71.970 71.865 71.811 71.728 71.657 71.588 71.580 71.522 71.451 71.380 71.485 71.266 71.422 71.589 71.376 71.162 70.818 70.495 70.474 70.359 70.588 70.620 70.640 70.297 70.098 70.192 69.984 69.744 69.754 69.577 69.775 69.734 69.734 69.723 69.609 69.609 69.681 69.515 69.431 69.369 69.741 69.774 69.752 69.914 69.833 69.741 69.439 69.353 69.472 69.331 69.458 69.396 69.288
73.027 72.812 72.434 72.350 72.281 72.262 72.285 72.241 72.254 72.254 72.255 72.190 72.122 72.081 72.033 71.937 71.849 72.026 71.903 71.792 71.713 71.631 71.630 71.564 71.499 71.433 71.399 71.422 70.818 71.229 71.068 70.984 71.183 70.818 70.932 70.682 70.682 70.547 70.552 70.724 70.453 70.609 70.578 70.307 70.119 70.130 69.786 69.734 69.556 69.556 69.452 69.379 69.400 69.327 69.494 69.463 69.515 69.681 69.795 69.741 69.903 70.065 69.946 69.585 69.223 69.342 69.104 69.223 69.385 69.288 69.213
72.896 72.611 72.298 72.212 72.142 72.134 72.169 72.126 72.135 72.142 72.154 72.085 72.014 71.947 71.914 71.810 71.728 71.938 71.798 71.715 71.617 71.533 71.552 71.618 71.683 71.506 71.526 71.276 71.037 71.349 71.214 71.120 70.932 70.828 70.891 70.693 70.693 70.703 70.724 70.745 70.651 70.443 70.234 69.869 69.968 69.838 69.994 70.041 69.953 70.171 69.973 69.827 69.765 69.108 69.077 69.056 69.160 69.233 69.396 69.558 69.860 69.742 69.428 69.407 69.143 68.878 69.374 69.018 68.619 68.619 68.522
72.764 72.411 72.162 72.299 72.193 72.007 72.053 72.012 72.017 72.030 72.052 71.979 71.905 71.836 71.795 71.752 71.651 71.849 71.686 71.573 71.527 71.394 71.547 71.474 71.474 71.495 71.401 71.318 71.109 70.953 71.266 71.057 70.912 70.766 70.797 70.839 70.422 70.661 70.818 70.244 70.422 70.526 70.317 70.098 69.817 70.338 70.526 69.973 69.713 70.140 70.145 70.265 70.088 69.598 69.108 69.035 69.327 69.369 69.601 69.638 69.558 69.418 69.624 69.299 69.180 69.473 69.383 69.428 69.326 69.145 69.044
72.633 72.210 72.027 72.299 72.166 72.141 72.180 71.903 71.899 71.918 71.951 71.872 71.794 71.724 71.676 71.693 71.713 71.582 71.569 71.431 71.424 71.339 71.172 71.109 71.537 71.516 71.339 71.255 71.203 71.005 70.891 70.828 70.755 71.057 70.953 70.755 71.016 70.807 70.057 70.578 70.203 70.192 69.577 70.234 70.119 70.609 70.505 70.286 70.474 70.463 70.182 70.442 70.119 69.504 69.241 69.585 69.532 69.407 69.416 69.349 69.303 69.394 69.394 69.507 69.518 69.450 69.405 69.315 69.089 69.089 69.044
72.501 72.240 71.891 72.271 72.096 71.935 71.943 71.921 71.780 71.806 71.849 71.769 71.687 71.617 71.558 71.576 71.737 71.673 71.652 71.289 71.321 71.332 71.332 71.279 71.203 71.410 71.370 71.214 71.047 70.880 70.713 71.162 70.839 70.849 70.797 70.786 70.786 70.422 70.338 70.682 70.140 70.349 69.480 70.449 70.495 70.324 70.168 70.609 70.283 70.387 70.620 70.043 69.741 69.741 69.824 70.012 69.793 69.657 69.574 69.574 69.620 69.574 69.631 69.699 69.676 69.574 69.541 69.383 69.202 69.416 68.920
72.370 71.925 72.241 72.558 72.515 72.408 71.705 71.684 71.662 71.694 71.748 71.748 71.588 71.502 71.439 71.577 71.694 71.609 71.417 71.534 71.332 71.417 71.492 71.279 71.268 71.380 71.283 71.241 71.016 70.877 71.262 70.939 71.075 70.949 70.877 70.741 70.783 70.845 70.720 70.408 70.033 69.574 69.605 70.106 69.991 69.803 69.762 70.189 70.001 70.095 69.741 70.126 69.939 70.043 70.168 69.855 70.053 69.755 69.789 69.665 69.552 69.473 69.473 69.439 69.518 69.541 69.315 69.202 69.315 69.123 68.672
72.238 71.609 71.620 71.833 72.142 72.099 71.822 71.726 71.758 71.684 71.748 71.737 71.662 71.385 71.417 71.588 71.492 71.428 71.417 71.470 71.225 71.225 71.343 71.385 69.928 70.981 71.085 71.022 70.887 70.626 70.752 71.033 70.991 71.116 70.981 70.793 70.699 70.856 70.856 70.626 70.376 70.137 70.158 70.262 70.116 70.262 69.970 69.762 69.595 69.470 69.814 70.033 70.064 70.043 69.981 70.022 69.928 69.947 69.879 70.060 70.082 69.902 69.778 69.687 69.856 69.270 69.202 69.202 69.270 68.514 68.672
72.014 71.449 71.289 71.620 71.758 71.705 71.598 71.502 71.556 71.641 71.694 71.492 71.385 71.364 71.577 71.588 71.353 71.502 71.460 71.097 71.151 70.916 71.257 71.279 70.439 70.752 70.866 70.949 70.699 71.137 71.106 71.189 71.189 71.022 70.699 70.720 70.793 70.887 70.772 70.574 70.564 70.345 70.178 70.293 69.762 68.907 69.866 70.647 69.522 69.397 70.116 69.866 70.012 70.085 70.189 69.960 69.793 69.856 69.653 69.778 69.856 69.676 69.721 68.965 69.292 69.371 69.315 69.168 68.491 68.593 68.796
71.929 71.470 71.236 71.407 71.449 71.673 71.524 71.524 71.417 71.353 71.247 71.097 71.172 71.087 71.428 71.268 71.119 71.204 71.151 71.140 71.172 70.501 70.863 70.895 70.708 70.445 70.564 70.897 71.387 71.127 71.200 71.043 70.908 70.699 70.918 70.085 69.439 69.845 69.585 69.564 69.605 69.439 69.595 69.564 69.418 69.157 69.293 69.397 68.053 70.001 70.074 70.147 70.074 70.126 70.074 69.814 69.553 69.563 69.574 69.202 69.112 69.179 69.405 69.484 69.258 69.247 68.559 68.660 68.660 68.728 68.863
71.748 71.598 71.311 71.300 71.801 71.481 71.407 71.332 71.385 71.289 71.311 71.055 71.087 71.002 71.183 70.458 70.469 70.906 71.055 70.980 70.767 70.255 70.660 70.671 70.022 70.137 70.231 70.470 71.043 71.220 71.116 71.012 70.856 69.887 69.918 69.845 69.741 69.720 69.647 69.585 69.522 69.522 69.720 69.605 69.574 69.449 68.761 69.460 69.512 68.094 69.970 70.210 69.970 69.866 69.720 69.480 69.564 69.902 69.552 69.416 69.450 69.428 69.337 69.225 68.514 68.491 68.638 68.581 68.683 68.716 68.931
71.225 71.311 71.151 71.172 71.140 71.225 71.311 71.215 71.225 71.108 71.225 71.108 70.511 70.405 70.682 70.767 70.778 70.597 70.586 70.032 70.277 70.351 70.458 70.287 70.043 70.053 70.033 70.116 70.616 70.970 70.887 70.126 69.991 69.835 69.918 69.887 69.835 69.793 69.605 69.585 69.647 69.605 69.741 69.741 69.647 69.626 69.637 69.366 69.366 69.043 69.439 69.324 69.657 69.678 69.241 69.387 68.636 69.552 69.518 69.428 69.416 69.383 68.796 68.547 68.694 68.683 68.694 68.728 68.942 68.028 68.987
71.087 71.140 71.129 71.076 71.119 71.087 71.108 70.980 70.969 70.916 70.863 70.724 70.575 70.426 70.287 70.255 70.202 70.170 70.170 70.010 70.255 70.351 70.437 70.245 69.668 69.939 70.231 70.064 69.939 70.033 70.397 69.897 69.928 69.960 70.001 69.876 69.897 69.897 69.845 69.782 69.793 68.574 69.824 69.637 69.501 69.460 69.376 69.251 69.168 69.199 69.376 68.053 69.199 69.210 68.907 68.772 68.730 69.394 69.597 69.439 68.807 68.773 68.818 68.751 68.852 69.055 68.198 69.078 69.010 69.337 70.172
71.300 71.215 71.353 71.119 71.172 70.927 70.820 70.746 70.788 70.756 70.682 70.565 70.522 70.469 70.373 70.415 70.469 70.383 70.287 70.181 70.128 70.341 70.309 70.272 70.272 70.439 69.960 69.970 70.220 70.262 70.178 70.001 70.137 70.001 70.074 70.335 70.283 68.949 70.001 68.782 70.158 70.095 69.762 69.282 69.335 69.376 69.293 69.210 69.074 69.032 68.866 69.011 69.001 68.053 68.959 68.772 69.055 69.428 68.716 68.683 68.751 68.751 68.762 68.705 68.491 69.236 69.676 69.687 71.030 71.064 70.218
71.598 71.449 71.321 71.225 71.076 70.895 70.810 70.831 70.714 70.703 70.660 70.607 70.543 70.394 70.650 70.522 70.426 70.373 70.287 70.170 70.266 70.650 71.257 71.220 70.970 70.689 70.616 70.533 70.460 70.303 70.137 70.220 70.356 70.460 70.470 68.668 69.220 70.293 70.335 70.303 69.855 69.730 69.532 69.220 69.230 69.314 69.251 69.074 69.095 68.928 68.803 68.751 68.741 68.814 68.136 68.814 68.830 68.931 68.638 68.638 68.716 68.784 68.965 68.401 69.642 68.965 69.371 72.576 71.335 70.477 70.613
71.417 71.481 71.247 71.332 71.279 71.044 70.969 70.906 70.820 70.682 70.597 70.501 70.447 70.682 70.895 70.650 70.554 70.383 70.341 70.319 70.820 71.364 71.449 70.960 70.866 70.783 70.585 70.595 70.689 70.314 70.491 68.647 70.074 70.501 70.668 70.647 70.887 70.210 70.189 70.491 70.272 69.699 69.491 69.397 69.199 69.262 69.199 69.053 68.782 68.761 68.876 68.876 68.668 68.782 68.803 68.845 68.897 68.751 68.638 68.660 68.863 68.649 67.915 69.303 69.416 69.947 71.109 71.177 71.008 70.872 70.635
71.002 71.257 71.002 71.065 71.055 71.012 70.948 71.321 71.193 71.012 70.852 70.895 70.991 71.023 71.321 71.087 71.012 70.799 71.065 71.449 71.481 71.321 71.108 70.960 71.064 70.970 70.522 70.095 70.095 70.314 68.689 70.449 70.272 70.345 70.428 70.793 70.626 70.710 70.491 70.585 70.387 70.210 69.960 69.605 69.460 69.501 69.147 69.074 69.074 68.928 69.074 69.032 68.886 68.876 67.876 69.157 68.852 68.683 69.010 68.164 69.383 69.868 69.755 69.856 70.771 71.482 71.256 71.324 71.279 71.030 70.206
70.788 70.852 70.810 70.852 70.884 70.884 70.874 71.279 71.374 71.407 71.385 71.332 71.321 71.151 71.449 71.161 71.140 71.215 71.311 71.215 71.183 71.097 71.172 71.075 70.866 70.752 70.137 70.064 70.241 68.959 70.303 70.626 70.897 71.012 70.752 70.710 70.668 70.678 70.668 70.366 69.793 70.231 69.939 69.720 69.345 69.355 69.272 69.189 69.136 69.126 69.574 72.252 73.106 73.294 72.825 67.730 68.502 68.480 71.075 71.346 70.974 70.466 70.172 69.665 70.782 71.019 71.121 71.538 71.888 71.549 71.087
