module/lisflood/temp/dem.ascii
ncols	76
nrows	48
xllcorner	422950.0
yllcorner	197600.0
cellsize	50.0
NODATA_value	-9999.0
[rows 0 to 26 of 48, columns 0 to 60 of 76]
75.0 74.595665 74.467987 74.357742 74.248627 74.182381 74.079201 73.984329 73.903229 73.795509 73.69059 73.586792 73.484238 73.551933 73.476105 73.374634 73.264565 73.155983 73.097656 73.086006 72.987816 72.891144 72.792824 72.695877 72.600548 72.496658 72.394218 72.26194 72.13205 72.021706 71.917374 71.762772 71.611206 71.464729 71.321404 71.183792 71.049423 70.930313 70.68161 70.596436 70.591087 70.481094 70.481522 70.439003 70.388603 70.360886 70.324013 70.28418 70.250229 70.240479 70.230164 70.21611 70.192101 70.158478 70.132866 70.099648 70.069473 70.064163 70.060272 70.055527 70.051025
74.868477 74.453445 74.332367 74.216156 74.109741 74.072639 74.009529 73.911964 73.791168 73.685234 73.580566 73.47876 73.378098 73.44944 73.396011 73.320915 73.222572 73.112335 73.003685 72.95871 72.943031 72.848969 72.752457 72.654213 72.557426 72.462387 72.357849 72.254959 72.118935 71.98558 71.874443 71.770111 71.609192 71.451729 71.300545 71.152931 71.01252 70.875748 70.744247 70.531326 70.45314 70.440125 70.385216 70.345863 70.303345 70.27066 70.240593 70.198479 70.166817 70.160316 70.153442 70.144073 70.128067 70.096054 70.066437 70.04982 70.0 70.0 70.0 70.0 70.0
74.736954 74.311226 74.196747 74.082817 73.970116 73.934822 73.898888 73.838768 73.750626 73.642548 73.536568 73.431938 73.330406 73.346947 73.241714 73.240181 73.165916 73.070831 72.960373 72.851624 72.819916 72.800362 72.710632 72.61599 72.517708 72.420975 72.326134 72.220619 72.117043 71.976219 71.838425 71.726341 71.622093 71.453163 71.288223 71.131332 70.978516 70.835266 70.696053 70.558182 70.381638 70.31311 70.28891 70.256813 70.211868 70.180443 70.160393 70.1203 70.083405 70.080154 70.076721 70.072037 70.064034 70.048027 70.0 70.0 70.0 69.918953 69.855682 69.837334 69.829292
74.605431 74.169006 74.061127 73.94857 73.838333 73.796432 73.762238 73.727371 73.674309 73.597069 73.497276 73.391083 73.286324 73.244446 73.141037 73.091553 73.08448 73.011162 72.91951 72.808777 72.69989 72.681313 72.658104 72.573006 72.479553 72.381256 72.284599 72.190018 72.08326 71.978828 71.831902 71.688446 71.575462 71.471664 71.292435 71.117851 70.954208 70.795174 70.62645 70.499954 70.372124 70.23378 70.192604 70.171211 70.128403 70.090225 70.0802 70.06015 70.0 70.0 70.0 70.0 70.0 70.0 70.0 69.89035 69.900002 69.82534 69.758217 69.750237 69.675873
74.473907 74.026787 73.925507 73.810532 73.701965 73.665398 73.625191 73.59198 73.555939 73.485123 73.447174 73.35276 73.246284 73.141342 73.040123 72.940239 72.941452 72.92894 72.856735 72.768745 72.657654 72.548569 72.542984 72.516426 72.436394 72.343163 72.244911 72.148384 72.054131 71.945717 71.840187 71.685249 71.534332 71.420685 71.272423 71.086151 70.905128 70.739723 70.579109 70.417633 70.306259 70.186066 70.096298 70.085602 70.064201 70.0 70.0 70.0 70.0 70.0 70.0 69.830963 69.796669 69.849998 69.85585 69.783882 69.692879 69.604019 69.55101 69.657257 69.586227
74.342384 73.884567 73.789886 73.690536 73.578934 73.530258 73.495033 73.45639 73.437569 73.373177 73.340973 73.298615 73.142639 73.039772 72.938499 72.902168 72.802109 72.791435 72.773621 72.702751 72.618759 72.507179 72.397797 72.40506 72.37561 72.296051 72.206848 72.108765 72.012459 71.918655 71.807938 71.700966 71.53511 71.373924 71.260437 71.073967 70.877708 70.687134 70.493149 70.354744 70.208817 70.15313 70.0 70.0 70.0 70.0 69.783501 69.783501 69.734001 69.695 69.695 69.593338 69.663994 69.699997 69.714989 69.694054 69.631454 69.543594 69.458008 69.47979 69.4925
74.210861 73.742348 73.654266 73.555717 73.461029 73.407402 73.361259 73.327248 73.319199 73.26123 73.234772 73.193123 73.151535 72.937256 72.838531 72.741287 72.764725 72.658211 72.641533 72.618607 72.5494 72.469872 72.357613 72.247765 72.267754 72.23613 72.155708 72.070656 71.973015 71.877129 71.783943 71.669785 71.560822 71.379387 71.203209 71.029625 70.877945 70.667015 70.460899 70.246574 70.333084 70.0 70.0 69.887001 70.050003 70.212997 69.889999 69.567001 69.410004 69.552505 69.389999 69.786003 69.496674 69.550003 69.547028 69.606277 69.54586 69.494957 69.409325 69.326103 69.397858
74.079338 73.600128 73.518646 73.423332 73.329689 73.2892 73.238762 73.194984 73.200829 73.149284 73.128571 73.087822 73.039856 73.006401 72.738564 72.643997 72.55114 72.627991 72.514351 72.491798 72.464043 72.39698 72.329178 72.215225 72.103966 72.13147 72.098862 72.015366 71.934692 71.838112 71.743065 71.650772 71.530968 71.419151 71.214661 71.014832 70.798813 70.673599 70.449066 70.224533 70.0 70.0 70.087997 69.952499 69.817001 69.879997 70.087997 69.452003 70.087997 69.410004 69.545998 69.525002 69.572006 69.400002 69.48214 69.534187 69.462044 69.553635 69.509216 69.399712 69.293381
73.947815 73.457901 73.383026 73.291733 73.201752 73.158936 73.120491 73.073044 73.082458 73.037338 72.930298 72.966652 72.928177 72.890678 72.863861 72.773315 72.665237 72.559288 72.459488 72.370537 72.342308 72.310173 72.24601 72.188484 72.072365 71.959259 71.997009 71.908394 71.875023 71.799271 71.641449 71.631073 71.534325 71.399803 71.281204 71.043472 70.80574 70.568001 70.693001 70.661003 70.526001 70.401001 70.203003 69.661003 69.879997 69.514999 69.639999 69.795998 69.775002 69.587997 69.702003 69.650002 69.535004 69.358002 69.410004 69.490654 69.558128 69.585526 69.609108 69.50119 69.359154
73.816292 73.315681 73.247406 73.150734 73.065674 73.031868 72.991524 72.954948 72.964088 72.925392 72.821114 72.777939 72.816498 72.774956 72.745125 72.673622 72.621376 72.513344 72.407631 72.312843 72.226799 72.193214 72.157448 72.097435 72.047791 71.928802 71.813171 71.866241 71.718681 71.73468 71.539841 71.547729 71.513657 71.415833 71.318001 71.098999 71.015999 70.828003 70.890999 70.776001 70.712997 70.495003 70.411003 70.411003 69.962997 70.598999 70.014999 69.734001 69.661003 69.670998 69.681 69.567001 69.525002 69.473 69.431 69.389999 69.525002 69.670998 69.709 69.580002 69.452995
73.684769 73.173462 73.111786 73.006355 72.916267 72.89782 72.865593 72.827515 72.845718 72.813446 72.71019 72.668999 72.704819 72.659233 72.626389 72.573929 72.53846 72.469688 72.361725 72.25631 72.166199 72.083191 72.044823 72.006767 71.939255 71.907089 71.784271 71.665009 71.65583 71.531288 71.438225 71.705421 71.454002 71.594498 71.287003 71.120003 71.094002 70.984001 70.870003 70.760498 70.651001 70.651001 70.556999 70.359001 70.036003 70.197495 69.723 69.723 69.786003 69.848 69.879997 69.973 70.025002 69.202003 69.098 69.098 69.306 69.098 69.148003 69.094002 69.223
73.553246 73.031235 72.976166 72.874176 72.774879 72.752655 72.749535 72.703011 72.727348 72.7015 72.593193 72.558609 72.59314 72.54351 72.507652 72.474236 72.376358 72.386459 72.318405 72.210571 72.105537 72.019562 71.939835 71.897827 71.860229 71.781693 71.766396 71.638725 71.513969 71.445419 71.346649 71.454002 71.871002 71.328003 71.182999 71.360001 71.004997 70.723999 70.661003 70.703003 70.651001 70.587997 70.421494 70.254997 70.359001 69.795998 69.900002 70.109001 69.936996 69.911003 69.869003 69.666 69.911003 69.639999 69.295998 69.275002 69.348 69.420998 68.986 69.158997 69.978996
73.421722 72.889008 72.840546 72.744507 72.649231 72.615219 72.633476 72.587234 72.608978 72.589554 72.559204 72.449989 72.481461 72.427788 72.388916 72.374542 72.340698 72.242325 72.234596 72.095375 72.007469 71.92234 71.872925 71.797043 71.754189 71.70015 71.626068 71.625702 71.495468 71.365234 71.235001 71.162003 70.995003 71.704002 71.046997 70.963997 71.088997 70.995003 70.703003 70.912003 70.723999 70.828003 70.389999 70.431999 69.889999 70.014999 69.786003 70.036003 69.973 70.151001 69.911003 69.879997 69.452003 69.462997 69.421005 69.431 69.431 69.848495 69.794998 69.677002 69.600998
73.290199 72.746788 72.704933 72.62265 72.533684 72.491859 72.517418 72.471565 72.490608 72.477608 72.457802 72.397339 72.291992 72.312065 72.27018 72.16449 72.242203 72.148293 72.103256 71.980179 71.909401 71.825119 71.739975 71.72628 71.656006 71.611099 71.54007 71.502853 71.485001 71.463997 71.360001 71.390999 70.953003 70.723999 71.140999 70.901001 70.473999 70.556999 70.765999 70.723999 70.796997 70.348999 70.754997 69.994003 69.869003 69.806 69.609001 69.827003 70.129997 69.848 69.817001 69.827003 69.692001 69.567001 69.431 69.598 69.494003 70.276001 69.785004 69.794998 69.751999
73.158676 73.012222 72.569321 72.488953 72.416451 72.377365 72.40136 72.356056 72.372238 72.365662 72.3564 72.293724 72.228447 72.196342 72.151443 72.052498 71.956116 72.114052 71.969856 71.864983 71.811333 71.727898 71.657043 71.587807 71.579636 71.522049 71.451019 71.379997 71.485001 71.265999 71.421997 71.588997 71.375504 71.162003 70.818001 70.495003 70.473999 70.359001 70.587997 70.620003 70.639999 70.296997 70.098 70.192001 69.984001 69.744003 69.753998 69.577003 69.775002 69.734001 69.734001 69.723 69.609001 69.609001 69.681 69.514999 69.431 69.369003 69.740997 69.774002 69.751999
73.027153 72.81176 72.433701 72.349739 72.281441 72.261971 72.285301 72.240822 72.253868 72.253716 72.254997 72.18956 72.121819 72.08062 72.0327 71.936562 71.849083 72.025841 71.903336 71.792122 71.713264 71.630676 71.629532 71.564018 71.498505 71.432999 71.399025 71.421997 70.818001 71.2295 71.068001 70.984001 71.182999 70.818001 70.931999 70.682495 70.681999 70.546997 70.552002 70.723999 70.453003 70.609001 70.578003 70.306999 70.119003 70.129997 69.786003 69.734001 69.556 69.556 69.452003 69.378998 69.400002 69.327003 69.494003 69.462997 69.514999 69.681 69.794998 69.740997 69.903
72.89563 72.611298 72.29808 72.212158 72.142166 72.134216 72.169243 72.126114 72.135498 72.141769 72.153595 72.084648 72.013962 71.947426 71.913963 71.809799 71.728333 71.93763 71.798141 71.715225 71.61657 71.533447 71.552338 71.617668 71.682999 71.505997 71.526001 71.276001 71.037003 71.348999 71.213997 71.120003 70.931999 70.828003 70.890999 70.693001 70.693001 70.703003 70.723999 70.745003 70.651001 70.442505 70.234001 69.869003 69.968002 69.837997 69.994003 70.041 69.953003 70.170998 69.973 69.827003 69.764999 69.108002 69.077003 69.056 69.160004 69.233002 69.3955 69.557999 69.860001
72.764107 72.410835 72.162468 72.298615 72.192513 72.007072 72.053185 72.012497 72.01712 72.029831 72.0522 71.978813 71.904602 71.836288 71.795227 71.751602 71.651161 71.849419 71.686333 71.573151 71.527115 71.394287 71.546997 71.473999 71.473999 71.495003 71.401001 71.318001 71.109001 70.953003 71.265999 71.056999 70.912003 70.765999 70.796997 70.838997 70.421997 70.661003 70.818001 70.244003 70.421997 70.526001 70.317001 70.098 69.817001 70.337997 70.526001 69.973 69.712997 70.139999 70.145004 70.264999 70.087997 69.598 69.108002 69.035004 69.327003 69.369003 69.600998 69.638 69.557999
72.632584 72.210373 72.026855 72.299049 72.165504 72.140717 72.18 71.903 71.89875 71.917885 71.950798 71.872353 71.794083 71.72422 71.676483 71.693405 71.712616 71.581711 71.569214 71.431076 71.424057 71.338997 71.171997 71.109001 71.537003 71.515999 71.338997 71.254997 71.203003 71.004997 70.890999 70.828003 70.754997 71.056999 70.953003 70.754997 71.015999 70.806999 70.056999 70.578003 70.203003 70.192001 69.577003 70.234001 70.119003 70.609001 70.504997 70.286003 70.473999 70.462997 70.181999 70.442001 70.119003 69.503998 69.240997 69.584999 69.531998 69.406998 69.416 69.348999 69.303001
72.501053 72.24028 71.891235 72.270927 72.096046 71.935257 71.942505 71.921005 71.78038 71.805939 71.849396 71.769394 71.68718 71.616547 71.557739 71.575806 71.737 71.672997 71.652 71.289001 71.320999 71.332001 71.332001 71.278999 71.203003 71.410004 71.370003 71.213997 71.046997 70.879997 70.712997 71.162003 70.838997 70.848999 70.796997 70.786003 70.786003 70.421997 70.337997 70.681999 70.139999 70.348999 69.480003 70.448997 70.495003 70.323997 70.167999 70.609001 70.282997 70.387001 70.620003 70.042999 69.740997 69.740997 69.823997 70.012001 69.792999 69.656998 69.573997 69.573997 69.620003
72.369522 71.924637 72.241318 72.557999 72.514999 72.407997 71.705002 71.683998 71.662003 71.694 71.748001 71.748001 71.587997 71.501999 71.439003 71.577003 71.694 71.609001 71.417 71.533997 71.332001 71.417 71.491997 71.278999 71.267998 71.379997 71.282997 71.240997 71.015999 70.876999 71.262001 70.939003 71.074997 70.948997 70.876999 70.740997 70.782997 70.845001 70.720001 70.407997 70.032997 69.573997 69.605003 70.106003 69.990997 69.803001 69.762001 70.189003 70.000999 70.095001 69.740997 70.125999 69.939003 70.042999 70.167999 69.855003 70.053001 69.754997 69.789001 69.665001 69.552002
72.237999 71.609001 71.620003 71.833 72.141998 72.098999 71.821999 71.725998 71.758003 71.683998 71.748001 71.737 71.662003 71.385002 71.417 71.587997 71.491997 71.428001 71.417 71.470001 71.224998 71.224998 71.343002 71.385002 69.928001 70.981003 71.084999 71.022003 70.887001 70.625999 70.751999 71.032997 70.990997 71.115997 70.981003 70.792999 70.698997 70.856003 70.856003 70.625999 70.375999 70.137001 70.157997 70.262001 70.115997 70.262001 69.970001 69.762001 69.595001 69.470001 69.814003 70.032997 70.064003 70.042999 69.981003 70.022003 69.928001 69.946999 69.878998 70.059998 70.082001
72.014 71.448997 71.289001 71.620003 71.758003 71.705002 71.598 71.501999 71.556 71.640999 71.694 71.491997 71.385002 71.363998 71.577003 71.587997 71.352997 71.501999 71.459999 71.097 71.151001 70.916 71.257004 71.278999 70.439003 70.751999 70.865997 70.948997 70.698997 71.137001 71.106003 71.189003 71.189003 71.022003 70.698997 70.720001 70.792999 70.887001 70.772003 70.573997 70.564003 70.345001 70.178001 70.292999 69.762001 68.906998 69.865997 70.647003 69.522003 69.397003 70.115997 69.865997 70.012001 70.084999 70.189003 69.959999 69.792999 69.856003 69.653 69.778 69.856003
71.929001 71.470001 71.236 71.406998 71.448997 71.672997 71.524002 71.524002 71.417 71.352997 71.247002 71.097 71.171997 71.086998 71.428001 71.267998 71.119003 71.204002 71.151001 71.139999 71.171997 70.500999 70.862999 70.894997 70.708 70.444504 70.564003 70.897003 71.387001 71.126999 71.199997 71.042999 70.907997 70.698997 70.917999 70.084999 69.439003 69.845001 69.584999 69.564003 69.605003 69.439003 69.595001 69.564003 69.417999 69.156998 69.292999 69.397003 68.053001 70.000999 70.073997 70.147003 70.073997 70.125999 70.073997 69.814003 69.553001 69.563004 69.573997 69.202003 69.112
71.748001 71.598 71.310997 71.300003 71.801003 71.481003 71.406998 71.332001 71.385002 71.289001 71.310997 71.055 71.086998 71.001999 71.182999 70.458 70.469002 70.905998 71.055 70.980003 70.766998 70.254997 70.660004 70.670998 70.022003 70.137001 70.231003 70.470001 71.042999 71.220001 71.115997 71.012001 70.856003 69.887001 69.917999 69.845001 69.740997 69.720001 69.647003 69.584999 69.522003 69.522003 69.720001 69.605003 69.573997 69.448997 68.761002 69.459999 69.512001 68.094002 69.970001 70.209999 69.970001 69.865997 69.720001 69.480003 69.564003 69.902 69.552002 69.416 69.449997
71.224998 71.310997 71.151001 71.171997 71.139999 71.224998 71.310997 71.214996 71.224998 71.108002 71.224998 71.108002 70.511002 70.404999 70.681999 70.766998 70.778 70.597 70.585999 70.031998 70.277 70.350998 70.458 70.287003 70.042999 70.053001 70.032997 70.115997 70.615997 70.970001 70.887001 70.125999 69.990997 69.834999 69.917999 69.887001 69.834999 69.792999 69.605003 69.584999 69.647003 69.605003 69.740997 69.740997 69.647003 69.625999 69.637001 69.365997 69.365997 69.042999 69.439003 69.323997 69.656998 69.678001 69.240997 69.387001 68.636002 69.552002 69.517998 69.428001 69.416
71.086998 71.139999 71.128998 71.075996 71.119003 71.086998 71.108002 70.980003 70.969002 70.916 70.862999 70.723999 70.574997 70.426003 70.287003 70.254997 70.202003 70.169998 70.169998 70.010002 70.254997 70.350998 70.436996 70.245003 69.667999 69.939003 70.231003 70.064003 69.939003 70.032997 70.397003 69.897003 69.928001 69.959999 70.000999 69.875999 69.897003 69.897003 69.845001 69.781998 69.792999 68.573997 69.823997 69.637001 69.500999 69.459999 69.375999 69.250999 69.167999 69.198997 69.375999 68.053001 69.198997 69.209999 68.906998 68.772003 68.730003 69.393997 69.597 69.439003 68.806999
